asset,conditionId,timestamp,timestamp_utc,price,source
50595160371163450458627399623056255966450921465584127304844415317723643207509,0xc7781eb0e4ab55dcecb64bba3cdb58a03d1275cfdc87ff4bbc4c20005b283681,1775002547,2026-04-01T00:15:47+00:00,0.73,clob_prices_history
50595160371163450458627399623056255966450921465584127304844415317723643207509,0xc7781eb0e4ab55dcecb64bba3cdb58a03d1275cfdc87ff4bbc4c20005b283681,1775004348,2026-04-01T00:45:48+00:00,0.73,clob_prices_history
50595160371163450458627399623056255966450921465584127304844415317723643207509,0xc7781eb0e4ab55dcecb64bba3cdb58a03d1275cfdc87ff4bbc4c20005b283681,1775005252,2026-04-01T01:00:52+00:00,0.73,clob_prices_history
50595160371163450458627399623056255966450921465584127304844415317723643207509,0xc7781eb0e4ab55dcecb64bba3cdb58a03d1275cfdc87ff4bbc4c20005b283681,1775006100,2026-04-01T01:15:00+00:00,0.73,clob_prices_history
50595160371163450458627399623056255966450921465584127304844415317723643207509,0xc7781eb0e4ab55dcecb64bba3cdb58a03d1275cfdc87ff4bbc4c20005b283681,1775006152,2026-04-01T01:15:52+00:00,0.73,clob_prices_history
50595160371163450458627399623056255966450921465584127304844415317723643207509,0xc7781eb0e4ab55dcecb64bba3cdb58a03d1275cfdc87ff4bbc4c20005b283681,1775007053,2026-04-01T01:30:53+00:00,0.73,clob_prices_history
50595160371163450458627399623056255966450921465584127304844415317723643207509,0xc7781eb0e4ab55dcecb64bba3cdb58a03d1275cfdc87ff4bbc4c20005b283681,1775007953,2026-04-01T01:45:53+00:00,0.73,clob_prices_history
50595160371163450458627399623056255966450921465584127304844415317723643207509,0xc7781eb0e4ab55dcecb64bba3cdb58a03d1275cfdc87ff4bbc4c20005b283681,1775008855,2026-04-01T02:00:55+00:00,0.73,clob_prices_history
50595160371163450458627399623056255966450921465584127304844415317723643207509,0xc7781eb0e4ab55dcecb64bba3cdb58a03d1275cfdc87ff4bbc4c20005b283681,1775010652,2026-04-01T02:30:52+00:00,0.73,clob_prices_history
50595160371163450458627399623056255966450921465584127304844415317723643207509,0xc7781eb0e4ab55dcecb64bba3cdb58a03d1275cfdc87ff4bbc4c20005b283681,1775011551,2026-04-01T02:45:51+00:00,0.73,clob_prices_history
50595160371163450458627399623056255966450921465584127304844415317723643207509,0xc7781eb0e4ab55dcecb64bba3cdb58a03d1275cfdc87ff4bbc4c20005b283681,1775013350,2026-04-01T03:15:50+00:00,0.73,clob_prices_history
50595160371163450458627399623056255966450921465584127304844415317723643207509,0xc7781eb0e4ab55dcecb64bba3cdb58a03d1275cfdc87ff4bbc4c20005b283681,1775014252,2026-04-01T03:30:52+00:00,0.73,clob_prices_history
50595160371163450458627399623056255966450921465584127304844415317723643207509,0xc7781eb0e4ab55dcecb64bba3cdb58a03d1275cfdc87ff4bbc4c20005b283681,1775015147,2026-04-01T03:45:47+00:00,0.73,clob_prices_history
50595160371163450458627399623056255966450921465584127304844415317723643207509,0xc7781eb0e4ab55dcecb64bba3cdb58a03d1275cfdc87ff4bbc4c20005b283681,1775016949,2026-04-01T04:15:49+00:00,0.73,clob_prices_history
50595160371163450458627399623056255966450921465584127304844415317723643207509,0xc7781eb0e4ab55dcecb64bba3cdb58a03d1275cfdc87ff4bbc4c20005b283681,1775017853,2026-04-01T04:30:53+00:00,0.73,clob_prices_history
50595160371163450458627399623056255966450921465584127304844415317723643207509,0xc7781eb0e4ab55dcecb64bba3cdb58a03d1275cfdc87ff4bbc4c20005b283681,1775018749,2026-04-01T04:45:49+00:00,0.73,clob_prices_history
50595160371163450458627399623056255966450921465584127304844415317723643207509,0xc7781eb0e4ab55dcecb64bba3cdb58a03d1275cfdc87ff4bbc4c20005b283681,1775019652,2026-04-01T05:00:52+00:00,0.73,clob_prices_history
50595160371163450458627399623056255966450921465584127304844415317723643207509,0xc7781eb0e4ab55dcecb64bba3cdb58a03d1275cfdc87ff4bbc4c20005b283681,1775020552,2026-04-01T05:15:52+00:00,0.73,clob_prices_history
50595160371163450458627399623056255966450921465584127304844415317723643207509,0xc7781eb0e4ab55dcecb64bba3cdb58a03d1275cfdc87ff4bbc4c20005b283681,1775021409,2026-04-01T05:30:09+00:00,0.73,clob_prices_history
50595160371163450458627399623056255966450921465584127304844415317723643207509,0xc7781eb0e4ab55dcecb64bba3cdb58a03d1275cfdc87ff4bbc4c20005b283681,1775022357,2026-04-01T05:45:57+00:00,0.73,clob_prices_history
50595160371163450458627399623056255966450921465584127304844415317723643207509,0xc7781eb0e4ab55dcecb64bba3cdb58a03d1275cfdc87ff4bbc4c20005b283681,1775023257,2026-04-01T06:00:57+00:00,0.725,clob_prices_history
50595160371163450458627399623056255966450921465584127304844415317723643207509,0xc7781eb0e4ab55dcecb64bba3cdb58a03d1275cfdc87ff4bbc4c20005b283681,1775025949,2026-04-01T06:45:49+00:00,0.725,clob_prices_history
50595160371163450458627399623056255966450921465584127304844415317723643207509,0xc7781eb0e4ab55dcecb64bba3cdb58a03d1275cfdc87ff4bbc4c20005b283681,1775028651,2026-04-01T07:30:51+00:00,0.725,clob_prices_history
50595160371163450458627399623056255966450921465584127304844415317723643207509,0xc7781eb0e4ab55dcecb64bba3cdb58a03d1275cfdc87ff4bbc4c20005b283681,1775029549,2026-04-01T07:45:49+00:00,0.725,clob_prices_history
50595160371163450458627399623056255966450921465584127304844415317723643207509,0xc7781eb0e4ab55dcecb64bba3cdb58a03d1275cfdc87ff4bbc4c20005b283681,1775031306,2026-04-01T08:15:06+00:00,0.725,clob_prices_history
50595160371163450458627399623056255966450921465584127304844415317723643207509,0xc7781eb0e4ab55dcecb64bba3cdb58a03d1275cfdc87ff4bbc4c20005b283681,1775033150,2026-04-01T08:45:50+00:00,0.725,clob_prices_history
50595160371163450458627399623056255966450921465584127304844415317723643207509,0xc7781eb0e4ab55dcecb64bba3cdb58a03d1275cfdc87ff4bbc4c20005b283681,1775034001,2026-04-01T09:00:01+00:00,0.725,clob_prices_history
50595160371163450458627399623056255966450921465584127304844415317723643207509,0xc7781eb0e4ab55dcecb64bba3cdb58a03d1275cfdc87ff4bbc4c20005b283681,1775034954,2026-04-01T09:15:54+00:00,0.725,clob_prices_history
50595160371163450458627399623056255966450921465584127304844415317723643207509,0xc7781eb0e4ab55dcecb64bba3cdb58a03d1275cfdc87ff4bbc4c20005b283681,1775035857,2026-04-01T09:30:57+00:00,0.725,clob_prices_history
50595160371163450458627399623056255966450921465584127304844415317723643207509,0xc7781eb0e4ab55dcecb64bba3cdb58a03d1275cfdc87ff4bbc4c20005b283681,1775036701,2026-04-01T09:45:01+00:00,0.725,clob_prices_history
50595160371163450458627399623056255966450921465584127304844415317723643207509,0xc7781eb0e4ab55dcecb64bba3cdb58a03d1275cfdc87ff4bbc4c20005b283681,1775036753,2026-04-01T09:45:53+00:00,0.725,clob_prices_history
50595160371163450458627399623056255966450921465584127304844415317723643207509,0xc7781eb0e4ab55dcecb64bba3cdb58a03d1275cfdc87ff4bbc4c20005b283681,1775037653,2026-04-01T10:00:53+00:00,0.725,clob_prices_history
50595160371163450458627399623056255966450921465584127304844415317723643207509,0xc7781eb0e4ab55dcecb64bba3cdb58a03d1275cfdc87ff4bbc4c20005b283681,1775038549,2026-04-01T10:15:49+00:00,0.725,clob_prices_history
50595160371163450458627399623056255966450921465584127304844415317723643207509,0xc7781eb0e4ab55dcecb64bba3cdb58a03d1275cfdc87ff4bbc4c20005b283681,1775039451,2026-04-01T10:30:51+00:00,0.725,clob_prices_history
50595160371163450458627399623056255966450921465584127304844415317723643207509,0xc7781eb0e4ab55dcecb64bba3cdb58a03d1275cfdc87ff4bbc4c20005b283681,1775040352,2026-04-01T10:45:52+00:00,0.725,clob_prices_history
50595160371163450458627399623056255966450921465584127304844415317723643207509,0xc7781eb0e4ab55dcecb64bba3cdb58a03d1275cfdc87ff4bbc4c20005b283681,1775041251,2026-04-01T11:00:51+00:00,0.725,clob_prices_history
50595160371163450458627399623056255966450921465584127304844415317723643207509,0xc7781eb0e4ab55dcecb64bba3cdb58a03d1275cfdc87ff4bbc4c20005b283681,1775042148,2026-04-01T11:15:48+00:00,0.725,clob_prices_history
50595160371163450458627399623056255966450921465584127304844415317723643207509,0xc7781eb0e4ab55dcecb64bba3cdb58a03d1275cfdc87ff4bbc4c20005b283681,1775043050,2026-04-01T11:30:50+00:00,0.725,clob_prices_history
50595160371163450458627399623056255966450921465584127304844415317723643207509,0xc7781eb0e4ab55dcecb64bba3cdb58a03d1275cfdc87ff4bbc4c20005b283681,1775043946,2026-04-01T11:45:46+00:00,0.73,clob_prices_history
50595160371163450458627399623056255966450921465584127304844415317723643207509,0xc7781eb0e4ab55dcecb64bba3cdb58a03d1275cfdc87ff4bbc4c20005b283681,1775045747,2026-04-01T12:15:47+00:00,0.72,clob_prices_history
50595160371163450458627399623056255966450921465584127304844415317723643207509,0xc7781eb0e4ab55dcecb64bba3cdb58a03d1275cfdc87ff4bbc4c20005b283681,1775046655,2026-04-01T12:30:55+00:00,0.72,clob_prices_history
50595160371163450458627399623056255966450921465584127304844415317723643207509,0xc7781eb0e4ab55dcecb64bba3cdb58a03d1275cfdc87ff4bbc4c20005b283681,1775047554,2026-04-01T12:45:54+00:00,0.71,clob_prices_history
50595160371163450458627399623056255966450921465584127304844415317723643207509,0xc7781eb0e4ab55dcecb64bba3cdb58a03d1275cfdc87ff4bbc4c20005b283681,1775048452,2026-04-01T13:00:52+00:00,0.76,clob_prices_history
50595160371163450458627399623056255966450921465584127304844415317723643207509,0xc7781eb0e4ab55dcecb64bba3cdb58a03d1275cfdc87ff4bbc4c20005b283681,1775049356,2026-04-01T13:15:56+00:00,0.76,clob_prices_history
50595160371163450458627399623056255966450921465584127304844415317723643207509,0xc7781eb0e4ab55dcecb64bba3cdb58a03d1275cfdc87ff4bbc4c20005b283681,1775051152,2026-04-01T13:45:52+00:00,0.755,clob_prices_history
50595160371163450458627399623056255966450921465584127304844415317723643207509,0xc7781eb0e4ab55dcecb64bba3cdb58a03d1275cfdc87ff4bbc4c20005b283681,1775052058,2026-04-01T14:00:58+00:00,0.755,clob_prices_history
50595160371163450458627399623056255966450921465584127304844415317723643207509,0xc7781eb0e4ab55dcecb64bba3cdb58a03d1275cfdc87ff4bbc4c20005b283681,1775053857,2026-04-01T14:30:57+00:00,0.72,clob_prices_history
50595160371163450458627399623056255966450921465584127304844415317723643207509,0xc7781eb0e4ab55dcecb64bba3cdb58a03d1275cfdc87ff4bbc4c20005b283681,1775054755,2026-04-01T14:45:55+00:00,0.71,clob_prices_history
50595160371163450458627399623056255966450921465584127304844415317723643207509,0xc7781eb0e4ab55dcecb64bba3cdb58a03d1275cfdc87ff4bbc4c20005b283681,1775056509,2026-04-01T15:15:09+00:00,0.705,clob_prices_history
50595160371163450458627399623056255966450921465584127304844415317723643207509,0xc7781eb0e4ab55dcecb64bba3cdb58a03d1275cfdc87ff4bbc4c20005b283681,1775060149,2026-04-01T16:15:49+00:00,0.71,clob_prices_history
50595160371163450458627399623056255966450921465584127304844415317723643207509,0xc7781eb0e4ab55dcecb64bba3cdb58a03d1275cfdc87ff4bbc4c20005b283681,1775061056,2026-04-01T16:30:56+00:00,0.71,clob_prices_history
50595160371163450458627399623056255966450921465584127304844415317723643207509,0xc7781eb0e4ab55dcecb64bba3cdb58a03d1275cfdc87ff4bbc4c20005b283681,1775061953,2026-04-01T16:45:53+00:00,0.71,clob_prices_history
50595160371163450458627399623056255966450921465584127304844415317723643207509,0xc7781eb0e4ab55dcecb64bba3cdb58a03d1275cfdc87ff4bbc4c20005b283681,1775063755,2026-04-01T17:15:55+00:00,0.71,clob_prices_history
50595160371163450458627399623056255966450921465584127304844415317723643207509,0xc7781eb0e4ab55dcecb64bba3cdb58a03d1275cfdc87ff4bbc4c20005b283681,1775065508,2026-04-01T17:45:08+00:00,0.71,clob_prices_history
50595160371163450458627399623056255966450921465584127304844415317723643207509,0xc7781eb0e4ab55dcecb64bba3cdb58a03d1275cfdc87ff4bbc4c20005b283681,1775067358,2026-04-01T18:15:58+00:00,0.71,clob_prices_history
50595160371163450458627399623056255966450921465584127304844415317723643207509,0xc7781eb0e4ab55dcecb64bba3cdb58a03d1275cfdc87ff4bbc4c20005b283681,1775068208,2026-04-01T18:30:08+00:00,0.71,clob_prices_history
50595160371163450458627399623056255966450921465584127304844415317723643207509,0xc7781eb0e4ab55dcecb64bba3cdb58a03d1275cfdc87ff4bbc4c20005b283681,1775069158,2026-04-01T18:45:58+00:00,0.71,clob_prices_history
50595160371163450458627399623056255966450921465584127304844415317723643207509,0xc7781eb0e4ab55dcecb64bba3cdb58a03d1275cfdc87ff4bbc4c20005b283681,1775070952,2026-04-01T19:15:52+00:00,0.71,clob_prices_history
50595160371163450458627399623056255966450921465584127304844415317723643207509,0xc7781eb0e4ab55dcecb64bba3cdb58a03d1275cfdc87ff4bbc4c20005b283681,1775071810,2026-04-01T19:30:10+00:00,0.71,clob_prices_history
50595160371163450458627399623056255966450921465584127304844415317723643207509,0xc7781eb0e4ab55dcecb64bba3cdb58a03d1275cfdc87ff4bbc4c20005b283681,1775072757,2026-04-01T19:45:57+00:00,0.71,clob_prices_history
50595160371163450458627399623056255966450921465584127304844415317723643207509,0xc7781eb0e4ab55dcecb64bba3cdb58a03d1275cfdc87ff4bbc4c20005b283681,1775074549,2026-04-01T20:15:49+00:00,0.71,clob_prices_history
50595160371163450458627399623056255966450921465584127304844415317723643207509,0xc7781eb0e4ab55dcecb64bba3cdb58a03d1275cfdc87ff4bbc4c20005b283681,1775076356,2026-04-01T20:45:56+00:00,0.71,clob_prices_history
50595160371163450458627399623056255966450921465584127304844415317723643207509,0xc7781eb0e4ab55dcecb64bba3cdb58a03d1275cfdc87ff4bbc4c20005b283681,1775077229,2026-04-01T21:00:29+00:00,0.71,clob_prices_history
50595160371163450458627399623056255966450921465584127304844415317723643207509,0xc7781eb0e4ab55dcecb64bba3cdb58a03d1275cfdc87ff4bbc4c20005b283681,1775078155,2026-04-01T21:15:55+00:00,0.71,clob_prices_history
50595160371163450458627399623056255966450921465584127304844415317723643207509,0xc7781eb0e4ab55dcecb64bba3cdb58a03d1275cfdc87ff4bbc4c20005b283681,1775079953,2026-04-01T21:45:53+00:00,0.71,clob_prices_history
50595160371163450458627399623056255966450921465584127304844415317723643207509,0xc7781eb0e4ab55dcecb64bba3cdb58a03d1275cfdc87ff4bbc4c20005b283681,1775080856,2026-04-01T22:00:56+00:00,0.71,clob_prices_history
50595160371163450458627399623056255966450921465584127304844415317723643207509,0xc7781eb0e4ab55dcecb64bba3cdb58a03d1275cfdc87ff4bbc4c20005b283681,1775081714,2026-04-01T22:15:14+00:00,0.71,clob_prices_history
50595160371163450458627399623056255966450921465584127304844415317723643207509,0xc7781eb0e4ab55dcecb64bba3cdb58a03d1275cfdc87ff4bbc4c20005b283681,1775082659,2026-04-01T22:30:59+00:00,0.71,clob_prices_history
50595160371163450458627399623056255966450921465584127304844415317723643207509,0xc7781eb0e4ab55dcecb64bba3cdb58a03d1275cfdc87ff4bbc4c20005b283681,1775083556,2026-04-01T22:45:56+00:00,0.71,clob_prices_history
50595160371163450458627399623056255966450921465584127304844415317723643207509,0xc7781eb0e4ab55dcecb64bba3cdb58a03d1275cfdc87ff4bbc4c20005b283681,1775085356,2026-04-01T23:15:56+00:00,0.71,clob_prices_history
50595160371163450458627399623056255966450921465584127304844415317723643207509,0xc7781eb0e4ab55dcecb64bba3cdb58a03d1275cfdc87ff4bbc4c20005b283681,1775087154,2026-04-01T23:45:54+00:00,0.71,clob_prices_history
50595160371163450458627399623056255966450921465584127304844415317723643207509,0xc7781eb0e4ab55dcecb64bba3cdb58a03d1275cfdc87ff4bbc4c20005b283681,1775089854,2026-04-02T00:30:54+00:00,0.71,clob_prices_history
50595160371163450458627399623056255966450921465584127304844415317723643207509,0xc7781eb0e4ab55dcecb64bba3cdb58a03d1275cfdc87ff4bbc4c20005b283681,1775090751,2026-04-02T00:45:51+00:00,0.71,clob_prices_history
50595160371163450458627399623056255966450921465584127304844415317723643207509,0xc7781eb0e4ab55dcecb64bba3cdb58a03d1275cfdc87ff4bbc4c20005b283681,1775092547,2026-04-02T01:15:47+00:00,0.71,clob_prices_history
50595160371163450458627399623056255966450921465584127304844415317723643207509,0xc7781eb0e4ab55dcecb64bba3cdb58a03d1275cfdc87ff4bbc4c20005b283681,1775094359,2026-04-02T01:45:59+00:00,0.71,clob_prices_history
50595160371163450458627399623056255966450921465584127304844415317723643207509,0xc7781eb0e4ab55dcecb64bba3cdb58a03d1275cfdc87ff4bbc4c20005b283681,1775095259,2026-04-02T02:00:59+00:00,0.71,clob_prices_history
50595160371163450458627399623056255966450921465584127304844415317723643207509,0xc7781eb0e4ab55dcecb64bba3cdb58a03d1275cfdc87ff4bbc4c20005b283681,1775096152,2026-04-02T02:15:52+00:00,0.71,clob_prices_history
50595160371163450458627399623056255966450921465584127304844415317723643207509,0xc7781eb0e4ab55dcecb64bba3cdb58a03d1275cfdc87ff4bbc4c20005b283681,1775097959,2026-04-02T02:45:59+00:00,0.71,clob_prices_history
50595160371163450458627399623056255966450921465584127304844415317723643207509,0xc7781eb0e4ab55dcecb64bba3cdb58a03d1275cfdc87ff4bbc4c20005b283681,1775099751,2026-04-02T03:15:51+00:00,0.71,clob_prices_history
50595160371163450458627399623056255966450921465584127304844415317723643207509,0xc7781eb0e4ab55dcecb64bba3cdb58a03d1275cfdc87ff4bbc4c20005b283681,1775100652,2026-04-02T03:30:52+00:00,0.715,clob_prices_history
50595160371163450458627399623056255966450921465584127304844415317723643207509,0xc7781eb0e4ab55dcecb64bba3cdb58a03d1275cfdc87ff4bbc4c20005b283681,1775101554,2026-04-02T03:45:54+00:00,0.715,clob_prices_history
50595160371163450458627399623056255966450921465584127304844415317723643207509,0xc7781eb0e4ab55dcecb64bba3cdb58a03d1275cfdc87ff4bbc4c20005b283681,1775102458,2026-04-02T04:00:58+00:00,0.715,clob_prices_history
50595160371163450458627399623056255966450921465584127304844415317723643207509,0xc7781eb0e4ab55dcecb64bba3cdb58a03d1275cfdc87ff4bbc4c20005b283681,1775103349,2026-04-02T04:15:49+00:00,0.715,clob_prices_history
50595160371163450458627399623056255966450921465584127304844415317723643207509,0xc7781eb0e4ab55dcecb64bba3cdb58a03d1275cfdc87ff4bbc4c20005b283681,1775106057,2026-04-02T05:00:57+00:00,0.715,clob_prices_history
50595160371163450458627399623056255966450921465584127304844415317723643207509,0xc7781eb0e4ab55dcecb64bba3cdb58a03d1275cfdc87ff4bbc4c20005b283681,1775106957,2026-04-02T05:15:57+00:00,0.715,clob_prices_history
50595160371163450458627399623056255966450921465584127304844415317723643207509,0xc7781eb0e4ab55dcecb64bba3cdb58a03d1275cfdc87ff4bbc4c20005b283681,1775107854,2026-04-02T05:30:54+00:00,0.715,clob_prices_history
50595160371163450458627399623056255966450921465584127304844415317723643207509,0xc7781eb0e4ab55dcecb64bba3cdb58a03d1275cfdc87ff4bbc4c20005b283681,1775108702,2026-04-02T05:45:02+00:00,0.715,clob_prices_history
50595160371163450458627399623056255966450921465584127304844415317723643207509,0xc7781eb0e4ab55dcecb64bba3cdb58a03d1275cfdc87ff4bbc4c20005b283681,1775108756,2026-04-02T05:45:56+00:00,0.715,clob_prices_history
50595160371163450458627399623056255966450921465584127304844415317723643207509,0xc7781eb0e4ab55dcecb64bba3cdb58a03d1275cfdc87ff4bbc4c20005b283681,1775110553,2026-04-02T06:15:53+00:00,0.715,clob_prices_history
50595160371163450458627399623056255966450921465584127304844415317723643207509,0xc7781eb0e4ab55dcecb64bba3cdb58a03d1275cfdc87ff4bbc4c20005b283681,1775112347,2026-04-02T06:45:47+00:00,0.715,clob_prices_history
50595160371163450458627399623056255966450921465584127304844415317723643207509,0xc7781eb0e4ab55dcecb64bba3cdb58a03d1275cfdc87ff4bbc4c20005b283681,1775113254,2026-04-02T07:00:54+00:00,0.715,clob_prices_history
50595160371163450458627399623056255966450921465584127304844415317723643207509,0xc7781eb0e4ab55dcecb64bba3cdb58a03d1275cfdc87ff4bbc4c20005b283681,1775114146,2026-04-02T07:15:46+00:00,0.715,clob_prices_history
50595160371163450458627399623056255966450921465584127304844415317723643207509,0xc7781eb0e4ab55dcecb64bba3cdb58a03d1275cfdc87ff4bbc4c20005b283681,1775115057,2026-04-02T07:30:57+00:00,0.715,clob_prices_history
50595160371163450458627399623056255966450921465584127304844415317723643207509,0xc7781eb0e4ab55dcecb64bba3cdb58a03d1275cfdc87ff4bbc4c20005b283681,1775115947,2026-04-02T07:45:47+00:00,0.715,clob_prices_history
50595160371163450458627399623056255966450921465584127304844415317723643207509,0xc7781eb0e4ab55dcecb64bba3cdb58a03d1275cfdc87ff4bbc4c20005b283681,1775116855,2026-04-02T08:00:55+00:00,0.715,clob_prices_history
50595160371163450458627399623056255966450921465584127304844415317723643207509,0xc7781eb0e4ab55dcecb64bba3cdb58a03d1275cfdc87ff4bbc4c20005b283681,1775117747,2026-04-02T08:15:47+00:00,0.715,clob_prices_history
50595160371163450458627399623056255966450921465584127304844415317723643207509,0xc7781eb0e4ab55dcecb64bba3cdb58a03d1275cfdc87ff4bbc4c20005b283681,1775118651,2026-04-02T08:30:51+00:00,0.715,clob_prices_history
50595160371163450458627399623056255966450921465584127304844415317723643207509,0xc7781eb0e4ab55dcecb64bba3cdb58a03d1275cfdc87ff4bbc4c20005b283681,1775120458,2026-04-02T09:00:58+00:00,0.715,clob_prices_history
50595160371163450458627399623056255966450921465584127304844415317723643207509,0xc7781eb0e4ab55dcecb64bba3cdb58a03d1275cfdc87ff4bbc4c20005b283681,1775121352,2026-04-02T09:15:52+00:00,0.725,clob_prices_history
50595160371163450458627399623056255966450921465584127304844415317723643207509,0xc7781eb0e4ab55dcecb64bba3cdb58a03d1275cfdc87ff4bbc4c20005b283681,1775122254,2026-04-02T09:30:54+00:00,0.725,clob_prices_history
50595160371163450458627399623056255966450921465584127304844415317723643207509,0xc7781eb0e4ab55dcecb64bba3cdb58a03d1275cfdc87ff4bbc4c20005b283681,1775123148,2026-04-02T09:45:48+00:00,0.73,clob_prices_history
50595160371163450458627399623056255966450921465584127304844415317723643207509,0xc7781eb0e4ab55dcecb64bba3cdb58a03d1275cfdc87ff4bbc4c20005b283681,1775124054,2026-04-02T10:00:54+00:00,0.73,clob_prices_history
50595160371163450458627399623056255966450921465584127304844415317723643207509,0xc7781eb0e4ab55dcecb64bba3cdb58a03d1275cfdc87ff4bbc4c20005b283681,1775124953,2026-04-02T10:15:53+00:00,0.73,clob_prices_history
50595160371163450458627399623056255966450921465584127304844415317723643207509,0xc7781eb0e4ab55dcecb64bba3cdb58a03d1275cfdc87ff4bbc4c20005b283681,1775125855,2026-04-02T10:30:55+00:00,0.73,clob_prices_history
50595160371163450458627399623056255966450921465584127304844415317723643207509,0xc7781eb0e4ab55dcecb64bba3cdb58a03d1275cfdc87ff4bbc4c20005b283681,1775126749,2026-04-02T10:45:49+00:00,0.73,clob_prices_history
50595160371163450458627399623056255966450921465584127304844415317723643207509,0xc7781eb0e4ab55dcecb64bba3cdb58a03d1275cfdc87ff4bbc4c20005b283681,1775128548,2026-04-02T11:15:48+00:00,0.73,clob_prices_history
50595160371163450458627399623056255966450921465584127304844415317723643207509,0xc7781eb0e4ab55dcecb64bba3cdb58a03d1275cfdc87ff4bbc4c20005b283681,1775129457,2026-04-02T11:30:57+00:00,0.745,clob_prices_history
50595160371163450458627399623056255966450921465584127304844415317723643207509,0xc7781eb0e4ab55dcecb64bba3cdb58a03d1275cfdc87ff4bbc4c20005b283681,1775130350,2026-04-02T11:45:50+00:00,0.745,clob_prices_history
50595160371163450458627399623056255966450921465584127304844415317723643207509,0xc7781eb0e4ab55dcecb64bba3cdb58a03d1275cfdc87ff4bbc4c20005b283681,1775132155,2026-04-02T12:15:55+00:00,0.745,clob_prices_history
50595160371163450458627399623056255966450921465584127304844415317723643207509,0xc7781eb0e4ab55dcecb64bba3cdb58a03d1275cfdc87ff4bbc4c20005b283681,1775136609,2026-04-02T13:30:09+00:00,0.745,clob_prices_history
50595160371163450458627399623056255966450921465584127304844415317723643207509,0xc7781eb0e4ab55dcecb64bba3cdb58a03d1275cfdc87ff4bbc4c20005b283681,1775137558,2026-04-02T13:45:58+00:00,0.745,clob_prices_history
50595160371163450458627399623056255966450921465584127304844415317723643207509,0xc7781eb0e4ab55dcecb64bba3cdb58a03d1275cfdc87ff4bbc4c20005b283681,1775139353,2026-04-02T14:15:53+00:00,0.745,clob_prices_history
50595160371163450458627399623056255966450921465584127304844415317723643207509,0xc7781eb0e4ab55dcecb64bba3cdb58a03d1275cfdc87ff4bbc4c20005b283681,1775142013,2026-04-02T15:00:13+00:00,0.745,clob_prices_history
50595160371163450458627399623056255966450921465584127304844415317723643207509,0xc7781eb0e4ab55dcecb64bba3cdb58a03d1275cfdc87ff4bbc4c20005b283681,1775142911,2026-04-02T15:15:11+00:00,0.745,clob_prices_history
50595160371163450458627399623056255966450921465584127304844415317723643207509,0xc7781eb0e4ab55dcecb64bba3cdb58a03d1275cfdc87ff4bbc4c20005b283681,1775145615,2026-04-02T16:00:15+00:00,0.745,clob_prices_history
50595160371163450458627399623056255966450921465584127304844415317723643207509,0xc7781eb0e4ab55dcecb64bba3cdb58a03d1275cfdc87ff4bbc4c20005b283681,1775147417,2026-04-02T16:30:17+00:00,0.745,clob_prices_history
50595160371163450458627399623056255966450921465584127304844415317723643207509,0xc7781eb0e4ab55dcecb64bba3cdb58a03d1275cfdc87ff4bbc4c20005b283681,1775149226,2026-04-02T17:00:26+00:00,0.745,clob_prices_history
50595160371163450458627399623056255966450921465584127304844415317723643207509,0xc7781eb0e4ab55dcecb64bba3cdb58a03d1275cfdc87ff4bbc4c20005b283681,1775150135,2026-04-02T17:15:35+00:00,0.745,clob_prices_history
50595160371163450458627399623056255966450921465584127304844415317723643207509,0xc7781eb0e4ab55dcecb64bba3cdb58a03d1275cfdc87ff4bbc4c20005b283681,1775151043,2026-04-02T17:30:43+00:00,0.745,clob_prices_history
50595160371163450458627399623056255966450921465584127304844415317723643207509,0xc7781eb0e4ab55dcecb64bba3cdb58a03d1275cfdc87ff4bbc4c20005b283681,1775151949,2026-04-02T17:45:49+00:00,0.745,clob_prices_history
50595160371163450458627399623056255966450921465584127304844415317723643207509,0xc7781eb0e4ab55dcecb64bba3cdb58a03d1275cfdc87ff4bbc4c20005b283681,1775153750,2026-04-02T18:15:50+00:00,0.745,clob_prices_history
50595160371163450458627399623056255966450921465584127304844415317723643207509,0xc7781eb0e4ab55dcecb64bba3cdb58a03d1275cfdc87ff4bbc4c20005b283681,1775154655,2026-04-02T18:30:55+00:00,0.745,clob_prices_history
50595160371163450458627399623056255966450921465584127304844415317723643207509,0xc7781eb0e4ab55dcecb64bba3cdb58a03d1275cfdc87ff4bbc4c20005b283681,1775156455,2026-04-02T19:00:55+00:00,0.745,clob_prices_history
50595160371163450458627399623056255966450921465584127304844415317723643207509,0xc7781eb0e4ab55dcecb64bba3cdb58a03d1275cfdc87ff4bbc4c20005b283681,1775157355,2026-04-02T19:15:55+00:00,0.745,clob_prices_history
50595160371163450458627399623056255966450921465584127304844415317723643207509,0xc7781eb0e4ab55dcecb64bba3cdb58a03d1275cfdc87ff4bbc4c20005b283681,1775158257,2026-04-02T19:30:57+00:00,0.745,clob_prices_history
50595160371163450458627399623056255966450921465584127304844415317723643207509,0xc7781eb0e4ab55dcecb64bba3cdb58a03d1275cfdc87ff4bbc4c20005b283681,1775159150,2026-04-02T19:45:50+00:00,0.745,clob_prices_history
50595160371163450458627399623056255966450921465584127304844415317723643207509,0xc7781eb0e4ab55dcecb64bba3cdb58a03d1275cfdc87ff4bbc4c20005b283681,1775160057,2026-04-02T20:00:57+00:00,0.75,clob_prices_history
50595160371163450458627399623056255966450921465584127304844415317723643207509,0xc7781eb0e4ab55dcecb64bba3cdb58a03d1275cfdc87ff4bbc4c20005b283681,1775160951,2026-04-02T20:15:51+00:00,0.75,clob_prices_history
50595160371163450458627399623056255966450921465584127304844415317723643207509,0xc7781eb0e4ab55dcecb64bba3cdb58a03d1275cfdc87ff4bbc4c20005b283681,1775162703,2026-04-02T20:45:03+00:00,0.75,clob_prices_history
50595160371163450458627399623056255966450921465584127304844415317723643207509,0xc7781eb0e4ab55dcecb64bba3cdb58a03d1275cfdc87ff4bbc4c20005b283681,1775164553,2026-04-02T21:15:53+00:00,0.75,clob_prices_history
50595160371163450458627399623056255966450921465584127304844415317723643207509,0xc7781eb0e4ab55dcecb64bba3cdb58a03d1275cfdc87ff4bbc4c20005b283681,1775165456,2026-04-02T21:30:56+00:00,0.75,clob_prices_history
50595160371163450458627399623056255966450921465584127304844415317723643207509,0xc7781eb0e4ab55dcecb64bba3cdb58a03d1275cfdc87ff4bbc4c20005b283681,1775166359,2026-04-02T21:45:59+00:00,0.75,clob_prices_history
50595160371163450458627399623056255966450921465584127304844415317723643207509,0xc7781eb0e4ab55dcecb64bba3cdb58a03d1275cfdc87ff4bbc4c20005b283681,1775168105,2026-04-02T22:15:05+00:00,0.745,clob_prices_history
50595160371163450458627399623056255966450921465584127304844415317723643207509,0xc7781eb0e4ab55dcecb64bba3cdb58a03d1275cfdc87ff4bbc4c20005b283681,1775169058,2026-04-02T22:30:58+00:00,0.745,clob_prices_history
50595160371163450458627399623056255966450921465584127304844415317723643207509,0xc7781eb0e4ab55dcecb64bba3cdb58a03d1275cfdc87ff4bbc4c20005b283681,1775170856,2026-04-02T23:00:56+00:00,0.75,clob_prices_history
50595160371163450458627399623056255966450921465584127304844415317723643207509,0xc7781eb0e4ab55dcecb64bba3cdb58a03d1275cfdc87ff4bbc4c20005b283681,1775171754,2026-04-02T23:15:54+00:00,0.75,clob_prices_history
50595160371163450458627399623056255966450921465584127304844415317723643207509,0xc7781eb0e4ab55dcecb64bba3cdb58a03d1275cfdc87ff4bbc4c20005b283681,1775172655,2026-04-02T23:30:55+00:00,0.75,clob_prices_history
50595160371163450458627399623056255966450921465584127304844415317723643207509,0xc7781eb0e4ab55dcecb64bba3cdb58a03d1275cfdc87ff4bbc4c20005b283681,1775173551,2026-04-02T23:45:51+00:00,0.75,clob_prices_history
50595160371163450458627399623056255966450921465584127304844415317723643207509,0xc7781eb0e4ab55dcecb64bba3cdb58a03d1275cfdc87ff4bbc4c20005b283681,1775175348,2026-04-03T00:15:48+00:00,0.75,clob_prices_history
50595160371163450458627399623056255966450921465584127304844415317723643207509,0xc7781eb0e4ab55dcecb64bba3cdb58a03d1275cfdc87ff4bbc4c20005b283681,1775176258,2026-04-03T00:30:58+00:00,0.75,clob_prices_history
50595160371163450458627399623056255966450921465584127304844415317723643207509,0xc7781eb0e4ab55dcecb64bba3cdb58a03d1275cfdc87ff4bbc4c20005b283681,1775177151,2026-04-03T00:45:51+00:00,0.75,clob_prices_history
50595160371163450458627399623056255966450921465584127304844415317723643207509,0xc7781eb0e4ab55dcecb64bba3cdb58a03d1275cfdc87ff4bbc4c20005b283681,1775178055,2026-04-03T01:00:55+00:00,0.75,clob_prices_history
50595160371163450458627399623056255966450921465584127304844415317723643207509,0xc7781eb0e4ab55dcecb64bba3cdb58a03d1275cfdc87ff4bbc4c20005b283681,1775178952,2026-04-03T01:15:52+00:00,0.75,clob_prices_history
50595160371163450458627399623056255966450921465584127304844415317723643207509,0xc7781eb0e4ab55dcecb64bba3cdb58a03d1275cfdc87ff4bbc4c20005b283681,1775179859,2026-04-03T01:30:59+00:00,0.75,clob_prices_history
50595160371163450458627399623056255966450921465584127304844415317723643207509,0xc7781eb0e4ab55dcecb64bba3cdb58a03d1275cfdc87ff4bbc4c20005b283681,1775180750,2026-04-03T01:45:50+00:00,0.75,clob_prices_history
50595160371163450458627399623056255966450921465584127304844415317723643207509,0xc7781eb0e4ab55dcecb64bba3cdb58a03d1275cfdc87ff4bbc4c20005b283681,1775182551,2026-04-03T02:15:51+00:00,0.75,clob_prices_history
50595160371163450458627399623056255966450921465584127304844415317723643207509,0xc7781eb0e4ab55dcecb64bba3cdb58a03d1275cfdc87ff4bbc4c20005b283681,1775183457,2026-04-03T02:30:57+00:00,0.75,clob_prices_history
50595160371163450458627399623056255966450921465584127304844415317723643207509,0xc7781eb0e4ab55dcecb64bba3cdb58a03d1275cfdc87ff4bbc4c20005b283681,1775186151,2026-04-03T03:15:51+00:00,0.75,clob_prices_history
50595160371163450458627399623056255966450921465584127304844415317723643207509,0xc7781eb0e4ab55dcecb64bba3cdb58a03d1275cfdc87ff4bbc4c20005b283681,1775187056,2026-04-03T03:30:56+00:00,0.75,clob_prices_history
50595160371163450458627399623056255966450921465584127304844415317723643207509,0xc7781eb0e4ab55dcecb64bba3cdb58a03d1275cfdc87ff4bbc4c20005b283681,1775187954,2026-04-03T03:45:54+00:00,0.75,clob_prices_history
50595160371163450458627399623056255966450921465584127304844415317723643207509,0xc7781eb0e4ab55dcecb64bba3cdb58a03d1275cfdc87ff4bbc4c20005b283681,1775188856,2026-04-03T04:00:56+00:00,0.75,clob_prices_history
50595160371163450458627399623056255966450921465584127304844415317723643207509,0xc7781eb0e4ab55dcecb64bba3cdb58a03d1275cfdc87ff4bbc4c20005b283681,1775189751,2026-04-03T04:15:51+00:00,0.75,clob_prices_history
50595160371163450458627399623056255966450921465584127304844415317723643207509,0xc7781eb0e4ab55dcecb64bba3cdb58a03d1275cfdc87ff4bbc4c20005b283681,1775190602,2026-04-03T04:30:02+00:00,0.75,clob_prices_history
50595160371163450458627399623056255966450921465584127304844415317723643207509,0xc7781eb0e4ab55dcecb64bba3cdb58a03d1275cfdc87ff4bbc4c20005b283681,1775190659,2026-04-03T04:30:59+00:00,0.75,clob_prices_history
50595160371163450458627399623056255966450921465584127304844415317723643207509,0xc7781eb0e4ab55dcecb64bba3cdb58a03d1275cfdc87ff4bbc4c20005b283681,1775191550,2026-04-03T04:45:50+00:00,0.75,clob_prices_history
50595160371163450458627399623056255966450921465584127304844415317723643207509,0xc7781eb0e4ab55dcecb64bba3cdb58a03d1275cfdc87ff4bbc4c20005b283681,1775192409,2026-04-03T05:00:09+00:00,0.75,clob_prices_history
50595160371163450458627399623056255966450921465584127304844415317723643207509,0xc7781eb0e4ab55dcecb64bba3cdb58a03d1275cfdc87ff4bbc4c20005b283681,1775193353,2026-04-03T05:15:53+00:00,0.75,clob_prices_history
50595160371163450458627399623056255966450921465584127304844415317723643207509,0xc7781eb0e4ab55dcecb64bba3cdb58a03d1275cfdc87ff4bbc4c20005b283681,1775195150,2026-04-03T05:45:50+00:00,0.75,clob_prices_history
50595160371163450458627399623056255966450921465584127304844415317723643207509,0xc7781eb0e4ab55dcecb64bba3cdb58a03d1275cfdc87ff4bbc4c20005b283681,1775196952,2026-04-03T06:15:52+00:00,0.75,clob_prices_history
50595160371163450458627399623056255966450921465584127304844415317723643207509,0xc7781eb0e4ab55dcecb64bba3cdb58a03d1275cfdc87ff4bbc4c20005b283681,1775199658,2026-04-03T07:00:58+00:00,0.75,clob_prices_history
50595160371163450458627399623056255966450921465584127304844415317723643207509,0xc7781eb0e4ab55dcecb64bba3cdb58a03d1275cfdc87ff4bbc4c20005b283681,1775200553,2026-04-03T07:15:53+00:00,0.75,clob_prices_history
50595160371163450458627399623056255966450921465584127304844415317723643207509,0xc7781eb0e4ab55dcecb64bba3cdb58a03d1275cfdc87ff4bbc4c20005b283681,1775201456,2026-04-03T07:30:56+00:00,0.75,clob_prices_history
50595160371163450458627399623056255966450921465584127304844415317723643207509,0xc7781eb0e4ab55dcecb64bba3cdb58a03d1275cfdc87ff4bbc4c20005b283681,1775202310,2026-04-03T07:45:10+00:00,0.75,clob_prices_history
50595160371163450458627399623056255966450921465584127304844415317723643207509,0xc7781eb0e4ab55dcecb64bba3cdb58a03d1275cfdc87ff4bbc4c20005b283681,1775203258,2026-04-03T08:00:58+00:00,0.75,clob_prices_history
50595160371163450458627399623056255966450921465584127304844415317723643207509,0xc7781eb0e4ab55dcecb64bba3cdb58a03d1275cfdc87ff4bbc4c20005b283681,1775204149,2026-04-03T08:15:49+00:00,0.75,clob_prices_history
50595160371163450458627399623056255966450921465584127304844415317723643207509,0xc7781eb0e4ab55dcecb64bba3cdb58a03d1275cfdc87ff4bbc4c20005b283681,1775205057,2026-04-03T08:30:57+00:00,0.75,clob_prices_history
50595160371163450458627399623056255966450921465584127304844415317723643207509,0xc7781eb0e4ab55dcecb64bba3cdb58a03d1275cfdc87ff4bbc4c20005b283681,1775207750,2026-04-03T09:15:50+00:00,0.75,clob_prices_history
50595160371163450458627399623056255966450921465584127304844415317723643207509,0xc7781eb0e4ab55dcecb64bba3cdb58a03d1275cfdc87ff4bbc4c20005b283681,1775208659,2026-04-03T09:30:59+00:00,0.75,clob_prices_history
50595160371163450458627399623056255966450921465584127304844415317723643207509,0xc7781eb0e4ab55dcecb64bba3cdb58a03d1275cfdc87ff4bbc4c20005b283681,1775209556,2026-04-03T09:45:56+00:00,0.75,clob_prices_history
50595160371163450458627399623056255966450921465584127304844415317723643207509,0xc7781eb0e4ab55dcecb64bba3cdb58a03d1275cfdc87ff4bbc4c20005b283681,1775210459,2026-04-03T10:00:59+00:00,0.75,clob_prices_history
50595160371163450458627399623056255966450921465584127304844415317723643207509,0xc7781eb0e4ab55dcecb64bba3cdb58a03d1275cfdc87ff4bbc4c20005b283681,1775211350,2026-04-03T10:15:50+00:00,0.75,clob_prices_history
50595160371163450458627399623056255966450921465584127304844415317723643207509,0xc7781eb0e4ab55dcecb64bba3cdb58a03d1275cfdc87ff4bbc4c20005b283681,1775213150,2026-04-03T10:45:50+00:00,0.75,clob_prices_history
50595160371163450458627399623056255966450921465584127304844415317723643207509,0xc7781eb0e4ab55dcecb64bba3cdb58a03d1275cfdc87ff4bbc4c20005b283681,1775214058,2026-04-03T11:00:58+00:00,0.75,clob_prices_history
50595160371163450458627399623056255966450921465584127304844415317723643207509,0xc7781eb0e4ab55dcecb64bba3cdb58a03d1275cfdc87ff4bbc4c20005b283681,1775214906,2026-04-03T11:15:06+00:00,0.75,clob_prices_history
50595160371163450458627399623056255966450921465584127304844415317723643207509,0xc7781eb0e4ab55dcecb64bba3cdb58a03d1275cfdc87ff4bbc4c20005b283681,1775215857,2026-04-03T11:30:57+00:00,0.75,clob_prices_history
50595160371163450458627399623056255966450921465584127304844415317723643207509,0xc7781eb0e4ab55dcecb64bba3cdb58a03d1275cfdc87ff4bbc4c20005b283681,1775216752,2026-04-03T11:45:52+00:00,0.75,clob_prices_history
50595160371163450458627399623056255966450921465584127304844415317723643207509,0xc7781eb0e4ab55dcecb64bba3cdb58a03d1275cfdc87ff4bbc4c20005b283681,1775218550,2026-04-03T12:15:50+00:00,0.75,clob_prices_history
50595160371163450458627399623056255966450921465584127304844415317723643207509,0xc7781eb0e4ab55dcecb64bba3cdb58a03d1275cfdc87ff4bbc4c20005b283681,1775220355,2026-04-03T12:45:55+00:00,0.75,clob_prices_history
50595160371163450458627399623056255966450921465584127304844415317723643207509,0xc7781eb0e4ab55dcecb64bba3cdb58a03d1275cfdc87ff4bbc4c20005b283681,1775222153,2026-04-03T13:15:53+00:00,0.75,clob_prices_history
50595160371163450458627399623056255966450921465584127304844415317723643207509,0xc7781eb0e4ab55dcecb64bba3cdb58a03d1275cfdc87ff4bbc4c20005b283681,1775225703,2026-04-03T14:15:03+00:00,0.75,clob_prices_history
50595160371163450458627399623056255966450921465584127304844415317723643207509,0xc7781eb0e4ab55dcecb64bba3cdb58a03d1275cfdc87ff4bbc4c20005b283681,1775229355,2026-04-03T15:15:55+00:00,0.75,clob_prices_history
50595160371163450458627399623056255966450921465584127304844415317723643207509,0xc7781eb0e4ab55dcecb64bba3cdb58a03d1275cfdc87ff4bbc4c20005b283681,1775231153,2026-04-03T15:45:53+00:00,0.75,clob_prices_history
50595160371163450458627399623056255966450921465584127304844415317723643207509,0xc7781eb0e4ab55dcecb64bba3cdb58a03d1275cfdc87ff4bbc4c20005b283681,1775233810,2026-04-03T16:30:10+00:00,0.75,clob_prices_history
50595160371163450458627399623056255966450921465584127304844415317723643207509,0xc7781eb0e4ab55dcecb64bba3cdb58a03d1275cfdc87ff4bbc4c20005b283681,1775234753,2026-04-03T16:45:53+00:00,0.75,clob_prices_history
50595160371163450458627399623056255966450921465584127304844415317723643207509,0xc7781eb0e4ab55dcecb64bba3cdb58a03d1275cfdc87ff4bbc4c20005b283681,1775235603,2026-04-03T17:00:03+00:00,0.75,clob_prices_history
50595160371163450458627399623056255966450921465584127304844415317723643207509,0xc7781eb0e4ab55dcecb64bba3cdb58a03d1275cfdc87ff4bbc4c20005b283681,1775236558,2026-04-03T17:15:58+00:00,0.75,clob_prices_history
50595160371163450458627399623056255966450921465584127304844415317723643207509,0xc7781eb0e4ab55dcecb64bba3cdb58a03d1275cfdc87ff4bbc4c20005b283681,1775237443,2026-04-03T17:30:43+00:00,0.75,clob_prices_history
50595160371163450458627399623056255966450921465584127304844415317723643207509,0xc7781eb0e4ab55dcecb64bba3cdb58a03d1275cfdc87ff4bbc4c20005b283681,1775238301,2026-04-03T17:45:01+00:00,0.75,clob_prices_history
50595160371163450458627399623056255966450921465584127304844415317723643207509,0xc7781eb0e4ab55dcecb64bba3cdb58a03d1275cfdc87ff4bbc4c20005b283681,1775239230,2026-04-03T18:00:30+00:00,0.75,clob_prices_history
50595160371163450458627399623056255966450921465584127304844415317723643207509,0xc7781eb0e4ab55dcecb64bba3cdb58a03d1275cfdc87ff4bbc4c20005b283681,1775241955,2026-04-03T18:45:55+00:00,0.75,clob_prices_history
50595160371163450458627399623056255966450921465584127304844415317723643207509,0xc7781eb0e4ab55dcecb64bba3cdb58a03d1275cfdc87ff4bbc4c20005b283681,1775242825,2026-04-03T19:00:25+00:00,0.75,clob_prices_history
50595160371163450458627399623056255966450921465584127304844415317723643207509,0xc7781eb0e4ab55dcecb64bba3cdb58a03d1275cfdc87ff4bbc4c20005b283681,1775243718,2026-04-03T19:15:18+00:00,0.75,clob_prices_history
50595160371163450458627399623056255966450921465584127304844415317723643207509,0xc7781eb0e4ab55dcecb64bba3cdb58a03d1275cfdc87ff4bbc4c20005b283681,1775244646,2026-04-03T19:30:46+00:00,0.75,clob_prices_history
50595160371163450458627399623056255966450921465584127304844415317723643207509,0xc7781eb0e4ab55dcecb64bba3cdb58a03d1275cfdc87ff4bbc4c20005b283681,1775245559,2026-04-03T19:45:59+00:00,0.75,clob_prices_history
50595160371163450458627399623056255966450921465584127304844415317723643207509,0xc7781eb0e4ab55dcecb64bba3cdb58a03d1275cfdc87ff4bbc4c20005b283681,1775247359,2026-04-03T20:15:59+00:00,0.75,clob_prices_history
50595160371163450458627399623056255966450921465584127304844415317723643207509,0xc7781eb0e4ab55dcecb64bba3cdb58a03d1275cfdc87ff4bbc4c20005b283681,1775250014,2026-04-03T21:00:14+00:00,0.75,clob_prices_history
50595160371163450458627399623056255966450921465584127304844415317723643207509,0xc7781eb0e4ab55dcecb64bba3cdb58a03d1275cfdc87ff4bbc4c20005b283681,1775250959,2026-04-03T21:15:59+00:00,0.75,clob_prices_history
50595160371163450458627399623056255966450921465584127304844415317723643207509,0xc7781eb0e4ab55dcecb64bba3cdb58a03d1275cfdc87ff4bbc4c20005b283681,1775252743,2026-04-03T21:45:43+00:00,0.75,clob_prices_history
50595160371163450458627399623056255966450921465584127304844415317723643207509,0xc7781eb0e4ab55dcecb64bba3cdb58a03d1275cfdc87ff4bbc4c20005b283681,1775254553,2026-04-03T22:15:53+00:00,0.75,clob_prices_history
50595160371163450458627399623056255966450921465584127304844415317723643207509,0xc7781eb0e4ab55dcecb64bba3cdb58a03d1275cfdc87ff4bbc4c20005b283681,1775255426,2026-04-03T22:30:26+00:00,0.75,clob_prices_history
50595160371163450458627399623056255966450921465584127304844415317723643207509,0xc7781eb0e4ab55dcecb64bba3cdb58a03d1275cfdc87ff4bbc4c20005b283681,1775256355,2026-04-03T22:45:55+00:00,0.75,clob_prices_history
50595160371163450458627399623056255966450921465584127304844415317723643207509,0xc7781eb0e4ab55dcecb64bba3cdb58a03d1275cfdc87ff4bbc4c20005b283681,1775258151,2026-04-03T23:15:51+00:00,0.75,clob_prices_history
50595160371163450458627399623056255966450921465584127304844415317723643207509,0xc7781eb0e4ab55dcecb64bba3cdb58a03d1275cfdc87ff4bbc4c20005b283681,1775259958,2026-04-03T23:45:58+00:00,0.75,clob_prices_history
50595160371163450458627399623056255966450921465584127304844415317723643207509,0xc7781eb0e4ab55dcecb64bba3cdb58a03d1275cfdc87ff4bbc4c20005b283681,1775261710,2026-04-04T00:15:10+00:00,0.75,clob_prices_history
50595160371163450458627399623056255966450921465584127304844415317723643207509,0xc7781eb0e4ab55dcecb64bba3cdb58a03d1275cfdc87ff4bbc4c20005b283681,1775265350,2026-04-04T01:15:50+00:00,0.75,clob_prices_history
50595160371163450458627399623056255966450921465584127304844415317723643207509,0xc7781eb0e4ab55dcecb64bba3cdb58a03d1275cfdc87ff4bbc4c20005b283681,1775267151,2026-04-04T01:45:51+00:00,0.75,clob_prices_history
50595160371163450458627399623056255966450921465584127304844415317723643207509,0xc7781eb0e4ab55dcecb64bba3cdb58a03d1275cfdc87ff4bbc4c20005b283681,1775268907,2026-04-04T02:15:07+00:00,0.75,clob_prices_history
50595160371163450458627399623056255966450921465584127304844415317723643207509,0xc7781eb0e4ab55dcecb64bba3cdb58a03d1275cfdc87ff4bbc4c20005b283681,1775272552,2026-04-04T03:15:52+00:00,0.75,clob_prices_history
50595160371163450458627399623056255966450921465584127304844415317723643207509,0xc7781eb0e4ab55dcecb64bba3cdb58a03d1275cfdc87ff4bbc4c20005b283681,1775274350,2026-04-04T03:45:50+00:00,0.75,clob_prices_history
50595160371163450458627399623056255966450921465584127304844415317723643207509,0xc7781eb0e4ab55dcecb64bba3cdb58a03d1275cfdc87ff4bbc4c20005b283681,1775276102,2026-04-04T04:15:02+00:00,0.75,clob_prices_history
50595160371163450458627399623056255966450921465584127304844415317723643207509,0xc7781eb0e4ab55dcecb64bba3cdb58a03d1275cfdc87ff4bbc4c20005b283681,1775276155,2026-04-04T04:15:55+00:00,0.75,clob_prices_history
50595160371163450458627399623056255966450921465584127304844415317723643207509,0xc7781eb0e4ab55dcecb64bba3cdb58a03d1275cfdc87ff4bbc4c20005b283681,1775277954,2026-04-04T04:45:54+00:00,0.75,clob_prices_history
50595160371163450458627399623056255966450921465584127304844415317723643207509,0xc7781eb0e4ab55dcecb64bba3cdb58a03d1275cfdc87ff4bbc4c20005b283681,1775279704,2026-04-04T05:15:04+00:00,0.75,clob_prices_history
50595160371163450458627399623056255966450921465584127304844415317723643207509,0xc7781eb0e4ab55dcecb64bba3cdb58a03d1275cfdc87ff4bbc4c20005b283681,1775279759,2026-04-04T05:15:59+00:00,0.75,clob_prices_history
50595160371163450458627399623056255966450921465584127304844415317723643207509,0xc7781eb0e4ab55dcecb64bba3cdb58a03d1275cfdc87ff4bbc4c20005b283681,1775281551,2026-04-04T05:45:51+00:00,0.75,clob_prices_history
50595160371163450458627399623056255966450921465584127304844415317723643207509,0xc7781eb0e4ab55dcecb64bba3cdb58a03d1275cfdc87ff4bbc4c20005b283681,1775285106,2026-04-04T06:45:06+00:00,0.75,clob_prices_history
50595160371163450458627399623056255966450921465584127304844415317723643207509,0xc7781eb0e4ab55dcecb64bba3cdb58a03d1275cfdc87ff4bbc4c20005b283681,1775286952,2026-04-04T07:15:52+00:00,0.75,clob_prices_history
50595160371163450458627399623056255966450921465584127304844415317723643207509,0xc7781eb0e4ab55dcecb64bba3cdb58a03d1275cfdc87ff4bbc4c20005b283681,1775288758,2026-04-04T07:45:58+00:00,0.75,clob_prices_history
50595160371163450458627399623056255966450921465584127304844415317723643207509,0xc7781eb0e4ab55dcecb64bba3cdb58a03d1275cfdc87ff4bbc4c20005b283681,1775290554,2026-04-04T08:15:54+00:00,0.75,clob_prices_history
50595160371163450458627399623056255966450921465584127304844415317723643207509,0xc7781eb0e4ab55dcecb64bba3cdb58a03d1275cfdc87ff4bbc4c20005b283681,1775292353,2026-04-04T08:45:53+00:00,0.75,clob_prices_history
50595160371163450458627399623056255966450921465584127304844415317723643207509,0xc7781eb0e4ab55dcecb64bba3cdb58a03d1275cfdc87ff4bbc4c20005b283681,1775295955,2026-04-04T09:45:55+00:00,0.75,clob_prices_history
50595160371163450458627399623056255966450921465584127304844415317723643207509,0xc7781eb0e4ab55dcecb64bba3cdb58a03d1275cfdc87ff4bbc4c20005b283681,1775300401,2026-04-04T11:00:01+00:00,0.75,clob_prices_history
50595160371163450458627399623056255966450921465584127304844415317723643207509,0xc7781eb0e4ab55dcecb64bba3cdb58a03d1275cfdc87ff4bbc4c20005b283681,1775301353,2026-04-04T11:15:53+00:00,0.75,clob_prices_history
50595160371163450458627399623056255966450921465584127304844415317723643207509,0xc7781eb0e4ab55dcecb64bba3cdb58a03d1275cfdc87ff4bbc4c20005b283681,1775303157,2026-04-04T11:45:57+00:00,0.75,clob_prices_history
50595160371163450458627399623056255966450921465584127304844415317723643207509,0xc7781eb0e4ab55dcecb64bba3cdb58a03d1275cfdc87ff4bbc4c20005b283681,1775304952,2026-04-04T12:15:52+00:00,0.75,clob_prices_history
50595160371163450458627399623056255966450921465584127304844415317723643207509,0xc7781eb0e4ab55dcecb64bba3cdb58a03d1275cfdc87ff4bbc4c20005b283681,1775306756,2026-04-04T12:45:56+00:00,0.75,clob_prices_history
50595160371163450458627399623056255966450921465584127304844415317723643207509,0xc7781eb0e4ab55dcecb64bba3cdb58a03d1275cfdc87ff4bbc4c20005b283681,1775308502,2026-04-04T13:15:02+00:00,0.75,clob_prices_history
50595160371163450458627399623056255966450921465584127304844415317723643207509,0xc7781eb0e4ab55dcecb64bba3cdb58a03d1275cfdc87ff4bbc4c20005b283681,1775310302,2026-04-04T13:45:02+00:00,0.75,clob_prices_history
50595160371163450458627399623056255966450921465584127304844415317723643207509,0xc7781eb0e4ab55dcecb64bba3cdb58a03d1275cfdc87ff4bbc4c20005b283681,1775310356,2026-04-04T13:45:56+00:00,0.75,clob_prices_history
50595160371163450458627399623056255966450921465584127304844415317723643207509,0xc7781eb0e4ab55dcecb64bba3cdb58a03d1275cfdc87ff4bbc4c20005b283681,1775311213,2026-04-04T14:00:13+00:00,0.75,clob_prices_history
50595160371163450458627399623056255966450921465584127304844415317723643207509,0xc7781eb0e4ab55dcecb64bba3cdb58a03d1275cfdc87ff4bbc4c20005b283681,1775312154,2026-04-04T14:15:54+00:00,0.75,clob_prices_history
50595160371163450458627399623056255966450921465584127304844415317723643207509,0xc7781eb0e4ab55dcecb64bba3cdb58a03d1275cfdc87ff4bbc4c20005b283681,1775313953,2026-04-04T14:45:53+00:00,0.75,clob_prices_history
50595160371163450458627399623056255966450921465584127304844415317723643207509,0xc7781eb0e4ab55dcecb64bba3cdb58a03d1275cfdc87ff4bbc4c20005b283681,1775317556,2026-04-04T15:45:56+00:00,0.75,clob_prices_history
50595160371163450458627399623056255966450921465584127304844415317723643207509,0xc7781eb0e4ab55dcecb64bba3cdb58a03d1275cfdc87ff4bbc4c20005b283681,1775319353,2026-04-04T16:15:53+00:00,0.75,clob_prices_history
50595160371163450458627399623056255966450921465584127304844415317723643207509,0xc7781eb0e4ab55dcecb64bba3cdb58a03d1275cfdc87ff4bbc4c20005b283681,1775321158,2026-04-04T16:45:58+00:00,0.75,clob_prices_history
50595160371163450458627399623056255966450921465584127304844415317723643207509,0xc7781eb0e4ab55dcecb64bba3cdb58a03d1275cfdc87ff4bbc4c20005b283681,1775322020,2026-04-04T17:00:20+00:00,0.75,clob_prices_history
50595160371163450458627399623056255966450921465584127304844415317723643207509,0xc7781eb0e4ab55dcecb64bba3cdb58a03d1275cfdc87ff4bbc4c20005b283681,1775322953,2026-04-04T17:15:53+00:00,0.75,clob_prices_history
50595160371163450458627399623056255966450921465584127304844415317723643207509,0xc7781eb0e4ab55dcecb64bba3cdb58a03d1275cfdc87ff4bbc4c20005b283681,1775323816,2026-04-04T17:30:16+00:00,0.75,clob_prices_history
50595160371163450458627399623056255966450921465584127304844415317723643207509,0xc7781eb0e4ab55dcecb64bba3cdb58a03d1275cfdc87ff4bbc4c20005b283681,1775324757,2026-04-04T17:45:57+00:00,0.75,clob_prices_history
50595160371163450458627399623056255966450921465584127304844415317723643207509,0xc7781eb0e4ab55dcecb64bba3cdb58a03d1275cfdc87ff4bbc4c20005b283681,1775328304,2026-04-04T18:45:04+00:00,0.75,clob_prices_history
50595160371163450458627399623056255966450921465584127304844415317723643207509,0xc7781eb0e4ab55dcecb64bba3cdb58a03d1275cfdc87ff4bbc4c20005b283681,1775328356,2026-04-04T18:45:56+00:00,0.75,clob_prices_history
50595160371163450458627399623056255966450921465584127304844415317723643207509,0xc7781eb0e4ab55dcecb64bba3cdb58a03d1275cfdc87ff4bbc4c20005b283681,1775329217,2026-04-04T19:00:17+00:00,0.75,clob_prices_history
50595160371163450458627399623056255966450921465584127304844415317723643207509,0xc7781eb0e4ab55dcecb64bba3cdb58a03d1275cfdc87ff4bbc4c20005b283681,1775331952,2026-04-04T19:45:52+00:00,0.75,clob_prices_history
50595160371163450458627399623056255966450921465584127304844415317723643207509,0xc7781eb0e4ab55dcecb64bba3cdb58a03d1275cfdc87ff4bbc4c20005b283681,1775333753,2026-04-04T20:15:53+00:00,0.75,clob_prices_history
50595160371163450458627399623056255966450921465584127304844415317723643207509,0xc7781eb0e4ab55dcecb64bba3cdb58a03d1275cfdc87ff4bbc4c20005b283681,1775337351,2026-04-04T21:15:51+00:00,0.75,clob_prices_history
50595160371163450458627399623056255966450921465584127304844415317723643207509,0xc7781eb0e4ab55dcecb64bba3cdb58a03d1275cfdc87ff4bbc4c20005b283681,1775339130,2026-04-04T21:45:30+00:00,0.75,clob_prices_history
50595160371163450458627399623056255966450921465584127304844415317723643207509,0xc7781eb0e4ab55dcecb64bba3cdb58a03d1275cfdc87ff4bbc4c20005b283681,1775340952,2026-04-04T22:15:52+00:00,0.75,clob_prices_history
50595160371163450458627399623056255966450921465584127304844415317723643207509,0xc7781eb0e4ab55dcecb64bba3cdb58a03d1275cfdc87ff4bbc4c20005b283681,1775345422,2026-04-04T23:30:22+00:00,0.75,clob_prices_history
50595160371163450458627399623056255966450921465584127304844415317723643207509,0xc7781eb0e4ab55dcecb64bba3cdb58a03d1275cfdc87ff4bbc4c20005b283681,1775346302,2026-04-04T23:45:02+00:00,0.75,clob_prices_history
50595160371163450458627399623056255966450921465584127304844415317723643207509,0xc7781eb0e4ab55dcecb64bba3cdb58a03d1275cfdc87ff4bbc4c20005b283681,1775346357,2026-04-04T23:45:57+00:00,0.75,clob_prices_history
50595160371163450458627399623056255966450921465584127304844415317723643207509,0xc7781eb0e4ab55dcecb64bba3cdb58a03d1275cfdc87ff4bbc4c20005b283681,1775347225,2026-04-05T00:00:25+00:00,0.75,clob_prices_history
50595160371163450458627399623056255966450921465584127304844415317723643207509,0xc7781eb0e4ab55dcecb64bba3cdb58a03d1275cfdc87ff4bbc4c20005b283681,1775348152,2026-04-05T00:15:52+00:00,0.75,clob_prices_history
50595160371163450458627399623056255966450921465584127304844415317723643207509,0xc7781eb0e4ab55dcecb64bba3cdb58a03d1275cfdc87ff4bbc4c20005b283681,1775349957,2026-04-05T00:45:57+00:00,0.75,clob_prices_history
50595160371163450458627399623056255966450921465584127304844415317723643207509,0xc7781eb0e4ab55dcecb64bba3cdb58a03d1275cfdc87ff4bbc4c20005b283681,1775350803,2026-04-05T01:00:03+00:00,0.75,clob_prices_history
50595160371163450458627399623056255966450921465584127304844415317723643207509,0xc7781eb0e4ab55dcecb64bba3cdb58a03d1275cfdc87ff4bbc4c20005b283681,1775353551,2026-04-05T01:45:51+00:00,0.75,clob_prices_history
50595160371163450458627399623056255966450921465584127304844415317723643207509,0xc7781eb0e4ab55dcecb64bba3cdb58a03d1275cfdc87ff4bbc4c20005b283681,1775355350,2026-04-05T02:15:50+00:00,0.75,clob_prices_history
50595160371163450458627399623056255966450921465584127304844415317723643207509,0xc7781eb0e4ab55dcecb64bba3cdb58a03d1275cfdc87ff4bbc4c20005b283681,1775357151,2026-04-05T02:45:51+00:00,0.75,clob_prices_history
50595160371163450458627399623056255966450921465584127304844415317723643207509,0xc7781eb0e4ab55dcecb64bba3cdb58a03d1275cfdc87ff4bbc4c20005b283681,1775360749,2026-04-05T03:45:49+00:00,0.75,clob_prices_history
50595160371163450458627399623056255966450921465584127304844415317723643207509,0xc7781eb0e4ab55dcecb64bba3cdb58a03d1275cfdc87ff4bbc4c20005b283681,1775362551,2026-04-05T04:15:51+00:00,0.75,clob_prices_history
50595160371163450458627399623056255966450921465584127304844415317723643207509,0xc7781eb0e4ab55dcecb64bba3cdb58a03d1275cfdc87ff4bbc4c20005b283681,1775364350,2026-04-05T04:45:50+00:00,0.75,clob_prices_history
50595160371163450458627399623056255966450921465584127304844415317723643207509,0xc7781eb0e4ab55dcecb64bba3cdb58a03d1275cfdc87ff4bbc4c20005b283681,1775366153,2026-04-05T05:15:53+00:00,0.75,clob_prices_history
50595160371163450458627399623056255966450921465584127304844415317723643207509,0xc7781eb0e4ab55dcecb64bba3cdb58a03d1275cfdc87ff4bbc4c20005b283681,1775367950,2026-04-05T05:45:50+00:00,0.75,clob_prices_history
50595160371163450458627399623056255966450921465584127304844415317723643207509,0xc7781eb0e4ab55dcecb64bba3cdb58a03d1275cfdc87ff4bbc4c20005b283681,1775369752,2026-04-05T06:15:52+00:00,0.75,clob_prices_history
50595160371163450458627399623056255966450921465584127304844415317723643207509,0xc7781eb0e4ab55dcecb64bba3cdb58a03d1275cfdc87ff4bbc4c20005b283681,1775371551,2026-04-05T06:45:51+00:00,0.75,clob_prices_history
50595160371163450458627399623056255966450921465584127304844415317723643207509,0xc7781eb0e4ab55dcecb64bba3cdb58a03d1275cfdc87ff4bbc4c20005b283681,1775373353,2026-04-05T07:15:53+00:00,0.75,clob_prices_history
50595160371163450458627399623056255966450921465584127304844415317723643207509,0xc7781eb0e4ab55dcecb64bba3cdb58a03d1275cfdc87ff4bbc4c20005b283681,1775375103,2026-04-05T07:45:03+00:00,0.75,clob_prices_history
50595160371163450458627399623056255966450921465584127304844415317723643207509,0xc7781eb0e4ab55dcecb64bba3cdb58a03d1275cfdc87ff4bbc4c20005b283681,1775375158,2026-04-05T07:45:58+00:00,0.75,clob_prices_history
50595160371163450458627399623056255966450921465584127304844415317723643207509,0xc7781eb0e4ab55dcecb64bba3cdb58a03d1275cfdc87ff4bbc4c20005b283681,1775376950,2026-04-05T08:15:50+00:00,0.75,clob_prices_history
50595160371163450458627399623056255966450921465584127304844415317723643207509,0xc7781eb0e4ab55dcecb64bba3cdb58a03d1275cfdc87ff4bbc4c20005b283681,1775378751,2026-04-05T08:45:51+00:00,0.75,clob_prices_history
50595160371163450458627399623056255966450921465584127304844415317723643207509,0xc7781eb0e4ab55dcecb64bba3cdb58a03d1275cfdc87ff4bbc4c20005b283681,1775380500,2026-04-05T09:15:00+00:00,0.75,clob_prices_history
50595160371163450458627399623056255966450921465584127304844415317723643207509,0xc7781eb0e4ab55dcecb64bba3cdb58a03d1275cfdc87ff4bbc4c20005b283681,1775380554,2026-04-05T09:15:54+00:00,0.75,clob_prices_history
50595160371163450458627399623056255966450921465584127304844415317723643207509,0xc7781eb0e4ab55dcecb64bba3cdb58a03d1275cfdc87ff4bbc4c20005b283681,1775384151,2026-04-05T10:15:51+00:00,0.75,clob_prices_history
50595160371163450458627399623056255966450921465584127304844415317723643207509,0xc7781eb0e4ab55dcecb64bba3cdb58a03d1275cfdc87ff4bbc4c20005b283681,1775385953,2026-04-05T10:45:53+00:00,0.75,clob_prices_history
50595160371163450458627399623056255966450921465584127304844415317723643207509,0xc7781eb0e4ab55dcecb64bba3cdb58a03d1275cfdc87ff4bbc4c20005b283681,1775387750,2026-04-05T11:15:50+00:00,0.75,clob_prices_history
50595160371163450458627399623056255966450921465584127304844415317723643207509,0xc7781eb0e4ab55dcecb64bba3cdb58a03d1275cfdc87ff4bbc4c20005b283681,1775389552,2026-04-05T11:45:52+00:00,0.75,clob_prices_history
50595160371163450458627399623056255966450921465584127304844415317723643207509,0xc7781eb0e4ab55dcecb64bba3cdb58a03d1275cfdc87ff4bbc4c20005b283681,1775391352,2026-04-05T12:15:52+00:00,0.745,clob_prices_history
50595160371163450458627399623056255966450921465584127304844415317723643207509,0xc7781eb0e4ab55dcecb64bba3cdb58a03d1275cfdc87ff4bbc4c20005b283681,1775393103,2026-04-05T12:45:03+00:00,0.735,clob_prices_history
50595160371163450458627399623056255966450921465584127304844415317723643207509,0xc7781eb0e4ab55dcecb64bba3cdb58a03d1275cfdc87ff4bbc4c20005b283681,1775393159,2026-04-05T12:45:59+00:00,0.735,clob_prices_history
50595160371163450458627399623056255966450921465584127304844415317723643207509,0xc7781eb0e4ab55dcecb64bba3cdb58a03d1275cfdc87ff4bbc4c20005b283681,1775394901,2026-04-05T13:15:01+00:00,0.75,clob_prices_history
50595160371163450458627399623056255966450921465584127304844415317723643207509,0xc7781eb0e4ab55dcecb64bba3cdb58a03d1275cfdc87ff4bbc4c20005b283681,1775394954,2026-04-05T13:15:54+00:00,0.75,clob_prices_history
50595160371163450458627399623056255966450921465584127304844415317723643207509,0xc7781eb0e4ab55dcecb64bba3cdb58a03d1275cfdc87ff4bbc4c20005b283681,1775396757,2026-04-05T13:45:57+00:00,0.75,clob_prices_history
50595160371163450458627399623056255966450921465584127304844415317723643207509,0xc7781eb0e4ab55dcecb64bba3cdb58a03d1275cfdc87ff4bbc4c20005b283681,1775397602,2026-04-05T14:00:02+00:00,0.745,clob_prices_history
50595160371163450458627399623056255966450921465584127304844415317723643207509,0xc7781eb0e4ab55dcecb64bba3cdb58a03d1275cfdc87ff4bbc4c20005b283681,1775398511,2026-04-05T14:15:11+00:00,0.745,clob_prices_history
50595160371163450458627399623056255966450921465584127304844415317723643207509,0xc7781eb0e4ab55dcecb64bba3cdb58a03d1275cfdc87ff4bbc4c20005b283681,1775399411,2026-04-05T14:30:11+00:00,0.745,clob_prices_history
50595160371163450458627399623056255966450921465584127304844415317723643207509,0xc7781eb0e4ab55dcecb64bba3cdb58a03d1275cfdc87ff4bbc4c20005b283681,1775400353,2026-04-05T14:45:53+00:00,0.745,clob_prices_history
50595160371163450458627399623056255966450921465584127304844415317723643207509,0xc7781eb0e4ab55dcecb64bba3cdb58a03d1275cfdc87ff4bbc4c20005b283681,1775402104,2026-04-05T15:15:04+00:00,0.745,clob_prices_history
50595160371163450458627399623056255966450921465584127304844415317723643207509,0xc7781eb0e4ab55dcecb64bba3cdb58a03d1275cfdc87ff4bbc4c20005b283681,1775405759,2026-04-05T16:15:59+00:00,0.745,clob_prices_history
50595160371163450458627399623056255966450921465584127304844415317723643207509,0xc7781eb0e4ab55dcecb64bba3cdb58a03d1275cfdc87ff4bbc4c20005b283681,1775406618,2026-04-05T16:30:18+00:00,0.745,clob_prices_history
50595160371163450458627399623056255966450921465584127304844415317723643207509,0xc7781eb0e4ab55dcecb64bba3cdb58a03d1275cfdc87ff4bbc4c20005b283681,1775407554,2026-04-05T16:45:54+00:00,0.745,clob_prices_history
50595160371163450458627399623056255966450921465584127304844415317723643207509,0xc7781eb0e4ab55dcecb64bba3cdb58a03d1275cfdc87ff4bbc4c20005b283681,1775408401,2026-04-05T17:00:01+00:00,0.745,clob_prices_history
50595160371163450458627399623056255966450921465584127304844415317723643207509,0xc7781eb0e4ab55dcecb64bba3cdb58a03d1275cfdc87ff4bbc4c20005b283681,1775409351,2026-04-05T17:15:51+00:00,0.74,clob_prices_history
50595160371163450458627399623056255966450921465584127304844415317723643207509,0xc7781eb0e4ab55dcecb64bba3cdb58a03d1275cfdc87ff4bbc4c20005b283681,1775410206,2026-04-05T17:30:06+00:00,0.745,clob_prices_history
50595160371163450458627399623056255966450921465584127304844415317723643207509,0xc7781eb0e4ab55dcecb64bba3cdb58a03d1275cfdc87ff4bbc4c20005b283681,1775411151,2026-04-05T17:45:51+00:00,0.74,clob_prices_history
50595160371163450458627399623056255966450921465584127304844415317723643207509,0xc7781eb0e4ab55dcecb64bba3cdb58a03d1275cfdc87ff4bbc4c20005b283681,1775412952,2026-04-05T18:15:52+00:00,0.74,clob_prices_history
50595160371163450458627399623056255966450921465584127304844415317723643207509,0xc7781eb0e4ab55dcecb64bba3cdb58a03d1275cfdc87ff4bbc4c20005b283681,1775414751,2026-04-05T18:45:51+00:00,0.735,clob_prices_history
50595160371163450458627399623056255966450921465584127304844415317723643207509,0xc7781eb0e4ab55dcecb64bba3cdb58a03d1275cfdc87ff4bbc4c20005b283681,1775416551,2026-04-05T19:15:51+00:00,0.745,clob_prices_history
50595160371163450458627399623056255966450921465584127304844415317723643207509,0xc7781eb0e4ab55dcecb64bba3cdb58a03d1275cfdc87ff4bbc4c20005b283681,1775417434,2026-04-05T19:30:34+00:00,0.75,clob_prices_history
50595160371163450458627399623056255966450921465584127304844415317723643207509,0xc7781eb0e4ab55dcecb64bba3cdb58a03d1275cfdc87ff4bbc4c20005b283681,1775418351,2026-04-05T19:45:51+00:00,0.75,clob_prices_history
50595160371163450458627399623056255966450921465584127304844415317723643207509,0xc7781eb0e4ab55dcecb64bba3cdb58a03d1275cfdc87ff4bbc4c20005b283681,1775420153,2026-04-05T20:15:53+00:00,0.75,clob_prices_history
50595160371163450458627399623056255966450921465584127304844415317723643207509,0xc7781eb0e4ab55dcecb64bba3cdb58a03d1275cfdc87ff4bbc4c20005b283681,1775421900,2026-04-05T20:45:00+00:00,0.75,clob_prices_history
50595160371163450458627399623056255966450921465584127304844415317723643207509,0xc7781eb0e4ab55dcecb64bba3cdb58a03d1275cfdc87ff4bbc4c20005b283681,1775421954,2026-04-05T20:45:54+00:00,0.75,clob_prices_history
50595160371163450458627399623056255966450921465584127304844415317723643207509,0xc7781eb0e4ab55dcecb64bba3cdb58a03d1275cfdc87ff4bbc4c20005b283681,1775422816,2026-04-05T21:00:16+00:00,0.75,clob_prices_history
50595160371163450458627399623056255966450921465584127304844415317723643207509,0xc7781eb0e4ab55dcecb64bba3cdb58a03d1275cfdc87ff4bbc4c20005b283681,1775423749,2026-04-05T21:15:49+00:00,0.75,clob_prices_history
50595160371163450458627399623056255966450921465584127304844415317723643207509,0xc7781eb0e4ab55dcecb64bba3cdb58a03d1275cfdc87ff4bbc4c20005b283681,1775425550,2026-04-05T21:45:50+00:00,0.75,clob_prices_history
50595160371163450458627399623056255966450921465584127304844415317723643207509,0xc7781eb0e4ab55dcecb64bba3cdb58a03d1275cfdc87ff4bbc4c20005b283681,1775427354,2026-04-05T22:15:54+00:00,0.75,clob_prices_history
50595160371163450458627399623056255966450921465584127304844415317723643207509,0xc7781eb0e4ab55dcecb64bba3cdb58a03d1275cfdc87ff4bbc4c20005b283681,1775429159,2026-04-05T22:45:59+00:00,0.75,clob_prices_history
50595160371163450458627399623056255966450921465584127304844415317723643207509,0xc7781eb0e4ab55dcecb64bba3cdb58a03d1275cfdc87ff4bbc4c20005b283681,1775430958,2026-04-05T23:15:58+00:00,0.75,clob_prices_history
50595160371163450458627399623056255966450921465584127304844415317723643207509,0xc7781eb0e4ab55dcecb64bba3cdb58a03d1275cfdc87ff4bbc4c20005b283681,1775432754,2026-04-05T23:45:54+00:00,0.75,clob_prices_history
50595160371163450458627399623056255966450921465584127304844415317723643207509,0xc7781eb0e4ab55dcecb64bba3cdb58a03d1275cfdc87ff4bbc4c20005b283681,1775438106,2026-04-06T01:15:06+00:00,0.75,clob_prices_history
50595160371163450458627399623056255966450921465584127304844415317723643207509,0xc7781eb0e4ab55dcecb64bba3cdb58a03d1275cfdc87ff4bbc4c20005b283681,1775441755,2026-04-06T02:15:55+00:00,0.75,clob_prices_history
50595160371163450458627399623056255966450921465584127304844415317723643207509,0xc7781eb0e4ab55dcecb64bba3cdb58a03d1275cfdc87ff4bbc4c20005b283681,1775443554,2026-04-06T02:45:54+00:00,0.75,clob_prices_history
50595160371163450458627399623056255966450921465584127304844415317723643207509,0xc7781eb0e4ab55dcecb64bba3cdb58a03d1275cfdc87ff4bbc4c20005b283681,1775448952,2026-04-06T04:15:52+00:00,0.755,clob_prices_history
50595160371163450458627399623056255966450921465584127304844415317723643207509,0xc7781eb0e4ab55dcecb64bba3cdb58a03d1275cfdc87ff4bbc4c20005b283681,1775450752,2026-04-06T04:45:52+00:00,0.755,clob_prices_history
50595160371163450458627399623056255966450921465584127304844415317723643207509,0xc7781eb0e4ab55dcecb64bba3cdb58a03d1275cfdc87ff4bbc4c20005b283681,1775452554,2026-04-06T05:15:54+00:00,0.755,clob_prices_history
50595160371163450458627399623056255966450921465584127304844415317723643207509,0xc7781eb0e4ab55dcecb64bba3cdb58a03d1275cfdc87ff4bbc4c20005b283681,1775454353,2026-04-06T05:45:53+00:00,0.755,clob_prices_history
50595160371163450458627399623056255966450921465584127304844415317723643207509,0xc7781eb0e4ab55dcecb64bba3cdb58a03d1275cfdc87ff4bbc4c20005b283681,1775456154,2026-04-06T06:15:54+00:00,0.755,clob_prices_history
50595160371163450458627399623056255966450921465584127304844415317723643207509,0xc7781eb0e4ab55dcecb64bba3cdb58a03d1275cfdc87ff4bbc4c20005b283681,1775457003,2026-04-06T06:30:03+00:00,0.755,clob_prices_history
50595160371163450458627399623056255966450921465584127304844415317723643207509,0xc7781eb0e4ab55dcecb64bba3cdb58a03d1275cfdc87ff4bbc4c20005b283681,1775457951,2026-04-06T06:45:51+00:00,0.755,clob_prices_history
50595160371163450458627399623056255966450921465584127304844415317723643207509,0xc7781eb0e4ab55dcecb64bba3cdb58a03d1275cfdc87ff4bbc4c20005b283681,1775461506,2026-04-06T07:45:06+00:00,0.755,clob_prices_history
50595160371163450458627399623056255966450921465584127304844415317723643207509,0xc7781eb0e4ab55dcecb64bba3cdb58a03d1275cfdc87ff4bbc4c20005b283681,1775463357,2026-04-06T08:15:57+00:00,0.755,clob_prices_history
50595160371163450458627399623056255966450921465584127304844415317723643207509,0xc7781eb0e4ab55dcecb64bba3cdb58a03d1275cfdc87ff4bbc4c20005b283681,1775465152,2026-04-06T08:45:52+00:00,0.755,clob_prices_history
50595160371163450458627399623056255966450921465584127304844415317723643207509,0xc7781eb0e4ab55dcecb64bba3cdb58a03d1275cfdc87ff4bbc4c20005b283681,1775466014,2026-04-06T09:00:14+00:00,0.755,clob_prices_history
50595160371163450458627399623056255966450921465584127304844415317723643207509,0xc7781eb0e4ab55dcecb64bba3cdb58a03d1275cfdc87ff4bbc4c20005b283681,1775466951,2026-04-06T09:15:51+00:00,0.755,clob_prices_history
50595160371163450458627399623056255966450921465584127304844415317723643207509,0xc7781eb0e4ab55dcecb64bba3cdb58a03d1275cfdc87ff4bbc4c20005b283681,1775467801,2026-04-06T09:30:01+00:00,0.755,clob_prices_history
50595160371163450458627399623056255966450921465584127304844415317723643207509,0xc7781eb0e4ab55dcecb64bba3cdb58a03d1275cfdc87ff4bbc4c20005b283681,1775468757,2026-04-06T09:45:57+00:00,0.755,clob_prices_history
50595160371163450458627399623056255966450921465584127304844415317723643207509,0xc7781eb0e4ab55dcecb64bba3cdb58a03d1275cfdc87ff4bbc4c20005b283681,1775470552,2026-04-06T10:15:52+00:00,0.755,clob_prices_history
50595160371163450458627399623056255966450921465584127304844415317723643207509,0xc7781eb0e4ab55dcecb64bba3cdb58a03d1275cfdc87ff4bbc4c20005b283681,1775474154,2026-04-06T11:15:54+00:00,0.755,clob_prices_history
50595160371163450458627399623056255966450921465584127304844415317723643207509,0xc7781eb0e4ab55dcecb64bba3cdb58a03d1275cfdc87ff4bbc4c20005b283681,1775475013,2026-04-06T11:30:13+00:00,0.755,clob_prices_history
50595160371163450458627399623056255966450921465584127304844415317723643207509,0xc7781eb0e4ab55dcecb64bba3cdb58a03d1275cfdc87ff4bbc4c20005b283681,1775475952,2026-04-06T11:45:52+00:00,0.755,clob_prices_history
50595160371163450458627399623056255966450921465584127304844415317723643207509,0xc7781eb0e4ab55dcecb64bba3cdb58a03d1275cfdc87ff4bbc4c20005b283681,1775477752,2026-04-06T12:15:52+00:00,0.755,clob_prices_history
50595160371163450458627399623056255966450921465584127304844415317723643207509,0xc7781eb0e4ab55dcecb64bba3cdb58a03d1275cfdc87ff4bbc4c20005b283681,1775478608,2026-04-06T12:30:08+00:00,0.755,clob_prices_history
50595160371163450458627399623056255966450921465584127304844415317723643207509,0xc7781eb0e4ab55dcecb64bba3cdb58a03d1275cfdc87ff4bbc4c20005b283681,1775481356,2026-04-06T13:15:56+00:00,0.755,clob_prices_history
50595160371163450458627399623056255966450921465584127304844415317723643207509,0xc7781eb0e4ab55dcecb64bba3cdb58a03d1275cfdc87ff4bbc4c20005b283681,1775483156,2026-04-06T13:45:56+00:00,0.715,clob_prices_history
50595160371163450458627399623056255966450921465584127304844415317723643207509,0xc7781eb0e4ab55dcecb64bba3cdb58a03d1275cfdc87ff4bbc4c20005b283681,1775484954,2026-04-06T14:15:54+00:00,0.72,clob_prices_history
50595160371163450458627399623056255966450921465584127304844415317723643207509,0xc7781eb0e4ab55dcecb64bba3cdb58a03d1275cfdc87ff4bbc4c20005b283681,1775486752,2026-04-06T14:45:52+00:00,0.72,clob_prices_history
50595160371163450458627399623056255966450921465584127304844415317723643207509,0xc7781eb0e4ab55dcecb64bba3cdb58a03d1275cfdc87ff4bbc4c20005b283681,1775488555,2026-04-06T15:15:55+00:00,0.495,clob_prices_history
50595160371163450458627399623056255966450921465584127304844415317723643207509,0xc7781eb0e4ab55dcecb64bba3cdb58a03d1275cfdc87ff4bbc4c20005b283681,1775489405,2026-04-06T15:30:05+00:00,0.5,clob_prices_history
50595160371163450458627399623056255966450921465584127304844415317723643207509,0xc7781eb0e4ab55dcecb64bba3cdb58a03d1275cfdc87ff4bbc4c20005b283681,1775490353,2026-04-06T15:45:53+00:00,0.5,clob_prices_history
50595160371163450458627399623056255966450921465584127304844415317723643207509,0xc7781eb0e4ab55dcecb64bba3cdb58a03d1275cfdc87ff4bbc4c20005b283681,1775491212,2026-04-06T16:00:12+00:00,0.5,clob_prices_history
50595160371163450458627399623056255966450921465584127304844415317723643207509,0xc7781eb0e4ab55dcecb64bba3cdb58a03d1275cfdc87ff4bbc4c20005b283681,1775493958,2026-04-06T16:45:58+00:00,0.51,clob_prices_history
50595160371163450458627399623056255966450921465584127304844415317723643207509,0xc7781eb0e4ab55dcecb64bba3cdb58a03d1275cfdc87ff4bbc4c20005b283681,1775495753,2026-04-06T17:15:53+00:00,0.615,clob_prices_history
50595160371163450458627399623056255966450921465584127304844415317723643207509,0xc7781eb0e4ab55dcecb64bba3cdb58a03d1275cfdc87ff4bbc4c20005b283681,1775497506,2026-04-06T17:45:06+00:00,0.48,clob_prices_history
50595160371163450458627399623056255966450921465584127304844415317723643207509,0xc7781eb0e4ab55dcecb64bba3cdb58a03d1275cfdc87ff4bbc4c20005b283681,1775498453,2026-04-06T18:00:53+00:00,0.48,clob_prices_history
50595160371163450458627399623056255966450921465584127304844415317723643207509,0xc7781eb0e4ab55dcecb64bba3cdb58a03d1275cfdc87ff4bbc4c20005b283681,1775500251,2026-04-06T18:30:51+00:00,0.565,clob_prices_history
50595160371163450458627399623056255966450921465584127304844415317723643207509,0xc7781eb0e4ab55dcecb64bba3cdb58a03d1275cfdc87ff4bbc4c20005b283681,1775501101,2026-04-06T18:45:01+00:00,0.565,clob_prices_history
50595160371163450458627399623056255966450921465584127304844415317723643207509,0xc7781eb0e4ab55dcecb64bba3cdb58a03d1275cfdc87ff4bbc4c20005b283681,1775502954,2026-04-06T19:15:54+00:00,0.615,clob_prices_history
50595160371163450458627399623056255966450921465584127304844415317723643207509,0xc7781eb0e4ab55dcecb64bba3cdb58a03d1275cfdc87ff4bbc4c20005b283681,1775504758,2026-04-06T19:45:58+00:00,0.62,clob_prices_history
50595160371163450458627399623056255966450921465584127304844415317723643207509,0xc7781eb0e4ab55dcecb64bba3cdb58a03d1275cfdc87ff4bbc4c20005b283681,1775506502,2026-04-06T20:15:02+00:00,0.64,clob_prices_history
50595160371163450458627399623056255966450921465584127304844415317723643207509,0xc7781eb0e4ab55dcecb64bba3cdb58a03d1275cfdc87ff4bbc4c20005b283681,1775506559,2026-04-06T20:15:59+00:00,0.65,clob_prices_history
50595160371163450458627399623056255966450921465584127304844415317723643207509,0xc7781eb0e4ab55dcecb64bba3cdb58a03d1275cfdc87ff4bbc4c20005b283681,1775508353,2026-04-06T20:45:53+00:00,0.535,clob_prices_history
50595160371163450458627399623056255966450921465584127304844415317723643207509,0xc7781eb0e4ab55dcecb64bba3cdb58a03d1275cfdc87ff4bbc4c20005b283681,1775518231,2026-04-06T23:30:31+00:00,0.55,clob_prices_history
50595160371163450458627399623056255966450921465584127304844415317723643207509,0xc7781eb0e4ab55dcecb64bba3cdb58a03d1275cfdc87ff4bbc4c20005b283681,1775519128,2026-04-06T23:45:28+00:00,0.55,clob_prices_history
50595160371163450458627399623056255966450921465584127304844415317723643207509,0xc7781eb0e4ab55dcecb64bba3cdb58a03d1275cfdc87ff4bbc4c20005b283681,1775520955,2026-04-07T00:15:55+00:00,0.56,clob_prices_history
50595160371163450458627399623056255966450921465584127304844415317723643207509,0xc7781eb0e4ab55dcecb64bba3cdb58a03d1275cfdc87ff4bbc4c20005b283681,1775521813,2026-04-07T00:30:13+00:00,0.585,clob_prices_history
50595160371163450458627399623056255966450921465584127304844415317723643207509,0xc7781eb0e4ab55dcecb64bba3cdb58a03d1275cfdc87ff4bbc4c20005b283681,1775522751,2026-04-07T00:45:51+00:00,0.585,clob_prices_history
50595160371163450458627399623056255966450921465584127304844415317723643207509,0xc7781eb0e4ab55dcecb64bba3cdb58a03d1275cfdc87ff4bbc4c20005b283681,1775524557,2026-04-07T01:15:57+00:00,0.585,clob_prices_history
50595160371163450458627399623056255966450921465584127304844415317723643207509,0xc7781eb0e4ab55dcecb64bba3cdb58a03d1275cfdc87ff4bbc4c20005b283681,1775529950,2026-04-07T02:45:50+00:00,0.59,clob_prices_history
50595160371163450458627399623056255966450921465584127304844415317723643207509,0xc7781eb0e4ab55dcecb64bba3cdb58a03d1275cfdc87ff4bbc4c20005b283681,1775531750,2026-04-07T03:15:50+00:00,0.6,clob_prices_history
50595160371163450458627399623056255966450921465584127304844415317723643207509,0xc7781eb0e4ab55dcecb64bba3cdb58a03d1275cfdc87ff4bbc4c20005b283681,1775533507,2026-04-07T03:45:07+00:00,0.59,clob_prices_history
50595160371163450458627399623056255966450921465584127304844415317723643207509,0xc7781eb0e4ab55dcecb64bba3cdb58a03d1275cfdc87ff4bbc4c20005b283681,1775535351,2026-04-07T04:15:51+00:00,0.595,clob_prices_history
50595160371163450458627399623056255966450921465584127304844415317723643207509,0xc7781eb0e4ab55dcecb64bba3cdb58a03d1275cfdc87ff4bbc4c20005b283681,1775537154,2026-04-07T04:45:54+00:00,0.595,clob_prices_history
50595160371163450458627399623056255966450921465584127304844415317723643207509,0xc7781eb0e4ab55dcecb64bba3cdb58a03d1275cfdc87ff4bbc4c20005b283681,1775538957,2026-04-07T05:15:57+00:00,0.605,clob_prices_history
50595160371163450458627399623056255966450921465584127304844415317723643207509,0xc7781eb0e4ab55dcecb64bba3cdb58a03d1275cfdc87ff4bbc4c20005b283681,1775539806,2026-04-07T05:30:06+00:00,0.6,clob_prices_history
50595160371163450458627399623056255966450921465584127304844415317723643207509,0xc7781eb0e4ab55dcecb64bba3cdb58a03d1275cfdc87ff4bbc4c20005b283681,1775540754,2026-04-07T05:45:54+00:00,0.6,clob_prices_history
50595160371163450458627399623056255966450921465584127304844415317723643207509,0xc7781eb0e4ab55dcecb64bba3cdb58a03d1275cfdc87ff4bbc4c20005b283681,1775541613,2026-04-07T06:00:13+00:00,0.6,clob_prices_history
50595160371163450458627399623056255966450921465584127304844415317723643207509,0xc7781eb0e4ab55dcecb64bba3cdb58a03d1275cfdc87ff4bbc4c20005b283681,1775542554,2026-04-07T06:15:54+00:00,0.605,clob_prices_history
50595160371163450458627399623056255966450921465584127304844415317723643207509,0xc7781eb0e4ab55dcecb64bba3cdb58a03d1275cfdc87ff4bbc4c20005b283681,1775544355,2026-04-07T06:45:55+00:00,0.61,clob_prices_history
50595160371163450458627399623056255966450921465584127304844415317723643207509,0xc7781eb0e4ab55dcecb64bba3cdb58a03d1275cfdc87ff4bbc4c20005b283681,1775546151,2026-04-07T07:15:51+00:00,0.56,clob_prices_history
50595160371163450458627399623056255966450921465584127304844415317723643207509,0xc7781eb0e4ab55dcecb64bba3cdb58a03d1275cfdc87ff4bbc4c20005b283681,1775547952,2026-04-07T07:45:52+00:00,0.555,clob_prices_history
50595160371163450458627399623056255966450921465584127304844415317723643207509,0xc7781eb0e4ab55dcecb64bba3cdb58a03d1275cfdc87ff4bbc4c20005b283681,1775549753,2026-04-07T08:15:53+00:00,0.565,clob_prices_history
50595160371163450458627399623056255966450921465584127304844415317723643207509,0xc7781eb0e4ab55dcecb64bba3cdb58a03d1275cfdc87ff4bbc4c20005b283681,1775550615,2026-04-07T08:30:15+00:00,0.565,clob_prices_history
50595160371163450458627399623056255966450921465584127304844415317723643207509,0xc7781eb0e4ab55dcecb64bba3cdb58a03d1275cfdc87ff4bbc4c20005b283681,1775551551,2026-04-07T08:45:51+00:00,0.56,clob_prices_history
50595160371163450458627399623056255966450921465584127304844415317723643207509,0xc7781eb0e4ab55dcecb64bba3cdb58a03d1275cfdc87ff4bbc4c20005b283681,1775553353,2026-04-07T09:15:53+00:00,0.57,clob_prices_history
50595160371163450458627399623056255966450921465584127304844415317723643207509,0xc7781eb0e4ab55dcecb64bba3cdb58a03d1275cfdc87ff4bbc4c20005b283681,1775554207,2026-04-07T09:30:07+00:00,0.575,clob_prices_history
50595160371163450458627399623056255966450921465584127304844415317723643207509,0xc7781eb0e4ab55dcecb64bba3cdb58a03d1275cfdc87ff4bbc4c20005b283681,1775555103,2026-04-07T09:45:03+00:00,0.585,clob_prices_history
50595160371163450458627399623056255966450921465584127304844415317723643207509,0xc7781eb0e4ab55dcecb64bba3cdb58a03d1275cfdc87ff4bbc4c20005b283681,1775555158,2026-04-07T09:45:58+00:00,0.585,clob_prices_history
50595160371163450458627399623056255966450921465584127304844415317723643207509,0xc7781eb0e4ab55dcecb64bba3cdb58a03d1275cfdc87ff4bbc4c20005b283681,1775556953,2026-04-07T10:15:53+00:00,0.605,clob_prices_history
50595160371163450458627399623056255966450921465584127304844415317723643207509,0xc7781eb0e4ab55dcecb64bba3cdb58a03d1275cfdc87ff4bbc4c20005b283681,1775558751,2026-04-07T10:45:51+00:00,0.57,clob_prices_history
50595160371163450458627399623056255966450921465584127304844415317723643207509,0xc7781eb0e4ab55dcecb64bba3cdb58a03d1275cfdc87ff4bbc4c20005b283681,1775560551,2026-04-07T11:15:51+00:00,0.58,clob_prices_history
50595160371163450458627399623056255966450921465584127304844415317723643207509,0xc7781eb0e4ab55dcecb64bba3cdb58a03d1275cfdc87ff4bbc4c20005b283681,1775561423,2026-04-07T11:30:23+00:00,0.585,clob_prices_history
50595160371163450458627399623056255966450921465584127304844415317723643207509,0xc7781eb0e4ab55dcecb64bba3cdb58a03d1275cfdc87ff4bbc4c20005b283681,1775562356,2026-04-07T11:45:56+00:00,0.58,clob_prices_history
50595160371163450458627399623056255966450921465584127304844415317723643207509,0xc7781eb0e4ab55dcecb64bba3cdb58a03d1275cfdc87ff4bbc4c20005b283681,1775564156,2026-04-07T12:15:56+00:00,0.58,clob_prices_history
50595160371163450458627399623056255966450921465584127304844415317723643207509,0xc7781eb0e4ab55dcecb64bba3cdb58a03d1275cfdc87ff4bbc4c20005b283681,1775565953,2026-04-07T12:45:53+00:00,0.58,clob_prices_history
50595160371163450458627399623056255966450921465584127304844415317723643207509,0xc7781eb0e4ab55dcecb64bba3cdb58a03d1275cfdc87ff4bbc4c20005b283681,1775567701,2026-04-07T13:15:01+00:00,0.5,clob_prices_history
50595160371163450458627399623056255966450921465584127304844415317723643207509,0xc7781eb0e4ab55dcecb64bba3cdb58a03d1275cfdc87ff4bbc4c20005b283681,1775567756,2026-04-07T13:15:56+00:00,0.51,clob_prices_history
50595160371163450458627399623056255966450921465584127304844415317723643207509,0xc7781eb0e4ab55dcecb64bba3cdb58a03d1275cfdc87ff4bbc4c20005b283681,1775568632,2026-04-07T13:30:32+00:00,0.495,clob_prices_history
50595160371163450458627399623056255966450921465584127304844415317723643207509,0xc7781eb0e4ab55dcecb64bba3cdb58a03d1275cfdc87ff4bbc4c20005b283681,1775569515,2026-04-07T13:45:15+00:00,0.51,clob_prices_history
50595160371163450458627399623056255966450921465584127304844415317723643207509,0xc7781eb0e4ab55dcecb64bba3cdb58a03d1275cfdc87ff4bbc4c20005b283681,1775570455,2026-04-07T14:00:55+00:00,0.505,clob_prices_history
50595160371163450458627399623056255966450921465584127304844415317723643207509,0xc7781eb0e4ab55dcecb64bba3cdb58a03d1275cfdc87ff4bbc4c20005b283681,1775571315,2026-04-07T14:15:15+00:00,0.505,clob_prices_history
50595160371163450458627399623056255966450921465584127304844415317723643207509,0xc7781eb0e4ab55dcecb64bba3cdb58a03d1275cfdc87ff4bbc4c20005b283681,1775572252,2026-04-07T14:30:52+00:00,0.495,clob_prices_history
50595160371163450458627399623056255966450921465584127304844415317723643207509,0xc7781eb0e4ab55dcecb64bba3cdb58a03d1275cfdc87ff4bbc4c20005b283681,1775573107,2026-04-07T14:45:07+00:00,0.625,clob_prices_history
50595160371163450458627399623056255966450921465584127304844415317723643207509,0xc7781eb0e4ab55dcecb64bba3cdb58a03d1275cfdc87ff4bbc4c20005b283681,1775574912,2026-04-07T15:15:12+00:00,0.62,clob_prices_history
50595160371163450458627399623056255966450921465584127304844415317723643207509,0xc7781eb0e4ab55dcecb64bba3cdb58a03d1275cfdc87ff4bbc4c20005b283681,1775576753,2026-04-07T15:45:53+00:00,0.65,clob_prices_history
50595160371163450458627399623056255966450921465584127304844415317723643207509,0xc7781eb0e4ab55dcecb64bba3cdb58a03d1275cfdc87ff4bbc4c20005b283681,1775578513,2026-04-07T16:15:13+00:00,0.65,clob_prices_history
50595160371163450458627399623056255966450921465584127304844415317723643207509,0xc7781eb0e4ab55dcecb64bba3cdb58a03d1275cfdc87ff4bbc4c20005b283681,1775580357,2026-04-07T16:45:57+00:00,0.65,clob_prices_history
50595160371163450458627399623056255966450921465584127304844415317723643207509,0xc7781eb0e4ab55dcecb64bba3cdb58a03d1275cfdc87ff4bbc4c20005b283681,1775581245,2026-04-07T17:00:45+00:00,0.645,clob_prices_history
50595160371163450458627399623056255966450921465584127304844415317723643207509,0xc7781eb0e4ab55dcecb64bba3cdb58a03d1275cfdc87ff4bbc4c20005b283681,1775583040,2026-04-07T17:30:40+00:00,0.645,clob_prices_history
50595160371163450458627399623056255966450921465584127304844415317723643207509,0xc7781eb0e4ab55dcecb64bba3cdb58a03d1275cfdc87ff4bbc4c20005b283681,1775583955,2026-04-07T17:45:55+00:00,0.645,clob_prices_history
50595160371163450458627399623056255966450921465584127304844415317723643207509,0xc7781eb0e4ab55dcecb64bba3cdb58a03d1275cfdc87ff4bbc4c20005b283681,1775584859,2026-04-07T18:00:59+00:00,0.645,clob_prices_history
50595160371163450458627399623056255966450921465584127304844415317723643207509,0xc7781eb0e4ab55dcecb64bba3cdb58a03d1275cfdc87ff4bbc4c20005b283681,1775585715,2026-04-07T18:15:15+00:00,0.645,clob_prices_history
50595160371163450458627399623056255966450921465584127304844415317723643207509,0xc7781eb0e4ab55dcecb64bba3cdb58a03d1275cfdc87ff4bbc4c20005b283681,1775586644,2026-04-07T18:30:44+00:00,0.645,clob_prices_history
50595160371163450458627399623056255966450921465584127304844415317723643207509,0xc7781eb0e4ab55dcecb64bba3cdb58a03d1275cfdc87ff4bbc4c20005b283681,1775587538,2026-04-07T18:45:38+00:00,0.645,clob_prices_history
50595160371163450458627399623056255966450921465584127304844415317723643207509,0xc7781eb0e4ab55dcecb64bba3cdb58a03d1275cfdc87ff4bbc4c20005b283681,1775588459,2026-04-07T19:00:59+00:00,0.645,clob_prices_history
50595160371163450458627399623056255966450921465584127304844415317723643207509,0xc7781eb0e4ab55dcecb64bba3cdb58a03d1275cfdc87ff4bbc4c20005b283681,1775589329,2026-04-07T19:15:29+00:00,0.645,clob_prices_history
50595160371163450458627399623056255966450921465584127304844415317723643207509,0xc7781eb0e4ab55dcecb64bba3cdb58a03d1275cfdc87ff4bbc4c20005b283681,1775590207,2026-04-07T19:30:07+00:00,0.645,clob_prices_history
50595160371163450458627399623056255966450921465584127304844415317723643207509,0xc7781eb0e4ab55dcecb64bba3cdb58a03d1275cfdc87ff4bbc4c20005b283681,1775591125,2026-04-07T19:45:25+00:00,0.65,clob_prices_history
50595160371163450458627399623056255966450921465584127304844415317723643207509,0xc7781eb0e4ab55dcecb64bba3cdb58a03d1275cfdc87ff4bbc4c20005b283681,1775592003,2026-04-07T20:00:03+00:00,0.65,clob_prices_history
50595160371163450458627399623056255966450921465584127304844415317723643207509,0xc7781eb0e4ab55dcecb64bba3cdb58a03d1275cfdc87ff4bbc4c20005b283681,1775592955,2026-04-07T20:15:55+00:00,0.65,clob_prices_history
50595160371163450458627399623056255966450921465584127304844415317723643207509,0xc7781eb0e4ab55dcecb64bba3cdb58a03d1275cfdc87ff4bbc4c20005b283681,1775594752,2026-04-07T20:45:52+00:00,0.65,clob_prices_history
50595160371163450458627399623056255966450921465584127304844415317723643207509,0xc7781eb0e4ab55dcecb64bba3cdb58a03d1275cfdc87ff4bbc4c20005b283681,1775598305,2026-04-07T21:45:05+00:00,0.605,clob_prices_history
50595160371163450458627399623056255966450921465584127304844415317723643207509,0xc7781eb0e4ab55dcecb64bba3cdb58a03d1275cfdc87ff4bbc4c20005b283681,1775599204,2026-04-07T22:00:04+00:00,0.605,clob_prices_history
50595160371163450458627399623056255966450921465584127304844415317723643207509,0xc7781eb0e4ab55dcecb64bba3cdb58a03d1275cfdc87ff4bbc4c20005b283681,1775601018,2026-04-07T22:30:18+00:00,0.61,clob_prices_history
50595160371163450458627399623056255966450921465584127304844415317723643207509,0xc7781eb0e4ab55dcecb64bba3cdb58a03d1275cfdc87ff4bbc4c20005b283681,1775601910,2026-04-07T22:45:10+00:00,0.615,clob_prices_history
50595160371163450458627399623056255966450921465584127304844415317723643207509,0xc7781eb0e4ab55dcecb64bba3cdb58a03d1275cfdc87ff4bbc4c20005b283681,1775603733,2026-04-07T23:15:33+00:00,0.62,clob_prices_history
50595160371163450458627399623056255966450921465584127304844415317723643207509,0xc7781eb0e4ab55dcecb64bba3cdb58a03d1275cfdc87ff4bbc4c20005b283681,1775604617,2026-04-07T23:30:17+00:00,0.655,clob_prices_history
50595160371163450458627399623056255966450921465584127304844415317723643207509,0xc7781eb0e4ab55dcecb64bba3cdb58a03d1275cfdc87ff4bbc4c20005b283681,1775605550,2026-04-07T23:45:50+00:00,0.655,clob_prices_history
50595160371163450458627399623056255966450921465584127304844415317723643207509,0xc7781eb0e4ab55dcecb64bba3cdb58a03d1275cfdc87ff4bbc4c20005b283681,1775609103,2026-04-08T00:45:03+00:00,0.66,clob_prices_history
50595160371163450458627399623056255966450921465584127304844415317723643207509,0xc7781eb0e4ab55dcecb64bba3cdb58a03d1275cfdc87ff4bbc4c20005b283681,1775610004,2026-04-08T01:00:04+00:00,0.65,clob_prices_history
50595160371163450458627399623056255966450921465584127304844415317723643207509,0xc7781eb0e4ab55dcecb64bba3cdb58a03d1275cfdc87ff4bbc4c20005b283681,1775610958,2026-04-08T01:15:58+00:00,0.64,clob_prices_history
50595160371163450458627399623056255966450921465584127304844415317723643207509,0xc7781eb0e4ab55dcecb64bba3cdb58a03d1275cfdc87ff4bbc4c20005b283681,1775612729,2026-04-08T01:45:29+00:00,0.635,clob_prices_history
50595160371163450458627399623056255966450921465584127304844415317723643207509,0xc7781eb0e4ab55dcecb64bba3cdb58a03d1275cfdc87ff4bbc4c20005b283681,1775613644,2026-04-08T02:00:44+00:00,0.635,clob_prices_history
50595160371163450458627399623056255966450921465584127304844415317723643207509,0xc7781eb0e4ab55dcecb64bba3cdb58a03d1275cfdc87ff4bbc4c20005b283681,1775614554,2026-04-08T02:15:54+00:00,0.64,clob_prices_history
50595160371163450458627399623056255966450921465584127304844415317723643207509,0xc7781eb0e4ab55dcecb64bba3cdb58a03d1275cfdc87ff4bbc4c20005b283681,1775618105,2026-04-08T03:15:05+00:00,0.63,clob_prices_history
50595160371163450458627399623056255966450921465584127304844415317723643207509,0xc7781eb0e4ab55dcecb64bba3cdb58a03d1275cfdc87ff4bbc4c20005b283681,1775619002,2026-04-08T03:30:02+00:00,0.625,clob_prices_history
50595160371163450458627399623056255966450921465584127304844415317723643207509,0xc7781eb0e4ab55dcecb64bba3cdb58a03d1275cfdc87ff4bbc4c20005b283681,1775619928,2026-04-08T03:45:28+00:00,0.625,clob_prices_history
50595160371163450458627399623056255966450921465584127304844415317723643207509,0xc7781eb0e4ab55dcecb64bba3cdb58a03d1275cfdc87ff4bbc4c20005b283681,1775621735,2026-04-08T04:15:35+00:00,0.625,clob_prices_history
50595160371163450458627399623056255966450921465584127304844415317723643207509,0xc7781eb0e4ab55dcecb64bba3cdb58a03d1275cfdc87ff4bbc4c20005b283681,1775622600,2026-04-08T04:30:00+00:00,0.625,clob_prices_history
50595160371163450458627399623056255966450921465584127304844415317723643207509,0xc7781eb0e4ab55dcecb64bba3cdb58a03d1275cfdc87ff4bbc4c20005b283681,1775623541,2026-04-08T04:45:41+00:00,0.625,clob_prices_history
50595160371163450458627399623056255966450921465584127304844415317723643207509,0xc7781eb0e4ab55dcecb64bba3cdb58a03d1275cfdc87ff4bbc4c20005b283681,1775624401,2026-04-08T05:00:01+00:00,0.625,clob_prices_history
50595160371163450458627399623056255966450921465584127304844415317723643207509,0xc7781eb0e4ab55dcecb64bba3cdb58a03d1275cfdc87ff4bbc4c20005b283681,1775625306,2026-04-08T05:15:06+00:00,0.625,clob_prices_history
50595160371163450458627399623056255966450921465584127304844415317723643207509,0xc7781eb0e4ab55dcecb64bba3cdb58a03d1275cfdc87ff4bbc4c20005b283681,1775626258,2026-04-08T05:30:58+00:00,0.63,clob_prices_history
50595160371163450458627399623056255966450921465584127304844415317723643207509,0xc7781eb0e4ab55dcecb64bba3cdb58a03d1275cfdc87ff4bbc4c20005b283681,1775627100,2026-04-08T05:45:00+00:00,0.63,clob_prices_history
50595160371163450458627399623056255966450921465584127304844415317723643207509,0xc7781eb0e4ab55dcecb64bba3cdb58a03d1275cfdc87ff4bbc4c20005b283681,1775628958,2026-04-08T06:15:58+00:00,0.625,clob_prices_history
50595160371163450458627399623056255966450921465584127304844415317723643207509,0xc7781eb0e4ab55dcecb64bba3cdb58a03d1275cfdc87ff4bbc4c20005b283681,1775629820,2026-04-08T06:30:20+00:00,0.625,clob_prices_history
50595160371163450458627399623056255966450921465584127304844415317723643207509,0xc7781eb0e4ab55dcecb64bba3cdb58a03d1275cfdc87ff4bbc4c20005b283681,1775630755,2026-04-08T06:45:55+00:00,0.625,clob_prices_history
50595160371163450458627399623056255966450921465584127304844415317723643207509,0xc7781eb0e4ab55dcecb64bba3cdb58a03d1275cfdc87ff4bbc4c20005b283681,1775634318,2026-04-08T07:45:18+00:00,0.625,clob_prices_history
50595160371163450458627399623056255966450921465584127304844415317723643207509,0xc7781eb0e4ab55dcecb64bba3cdb58a03d1275cfdc87ff4bbc4c20005b283681,1775637002,2026-04-08T08:30:02+00:00,0.615,clob_prices_history
50595160371163450458627399623056255966450921465584127304844415317723643207509,0xc7781eb0e4ab55dcecb64bba3cdb58a03d1275cfdc87ff4bbc4c20005b283681,1775637906,2026-04-08T08:45:06+00:00,0.61,clob_prices_history
50595160371163450458627399623056255966450921465584127304844415317723643207509,0xc7781eb0e4ab55dcecb64bba3cdb58a03d1275cfdc87ff4bbc4c20005b283681,1775638821,2026-04-08T09:00:21+00:00,0.615,clob_prices_history
50595160371163450458627399623056255966450921465584127304844415317723643207509,0xc7781eb0e4ab55dcecb64bba3cdb58a03d1275cfdc87ff4bbc4c20005b283681,1775639754,2026-04-08T09:15:54+00:00,0.615,clob_prices_history
50595160371163450458627399623056255966450921465584127304844415317723643207509,0xc7781eb0e4ab55dcecb64bba3cdb58a03d1275cfdc87ff4bbc4c20005b283681,1775641506,2026-04-08T09:45:06+00:00,0.61,clob_prices_history
50595160371163450458627399623056255966450921465584127304844415317723643207509,0xc7781eb0e4ab55dcecb64bba3cdb58a03d1275cfdc87ff4bbc4c20005b283681,1775646953,2026-04-08T11:15:53+00:00,0.605,clob_prices_history
50595160371163450458627399623056255966450921465584127304844415317723643207509,0xc7781eb0e4ab55dcecb64bba3cdb58a03d1275cfdc87ff4bbc4c20005b283681,1775648706,2026-04-08T11:45:06+00:00,0.605,clob_prices_history
50595160371163450458627399623056255966450921465584127304844415317723643207509,0xc7781eb0e4ab55dcecb64bba3cdb58a03d1275cfdc87ff4bbc4c20005b283681,1775651451,2026-04-08T12:30:51+00:00,0.605,clob_prices_history
50595160371163450458627399623056255966450921465584127304844415317723643207509,0xc7781eb0e4ab55dcecb64bba3cdb58a03d1275cfdc87ff4bbc4c20005b283681,1775652345,2026-04-08T12:45:45+00:00,0.605,clob_prices_history
50595160371163450458627399623056255966450921465584127304844415317723643207509,0xc7781eb0e4ab55dcecb64bba3cdb58a03d1275cfdc87ff4bbc4c20005b283681,1775653258,2026-04-08T13:00:58+00:00,0.605,clob_prices_history
50595160371163450458627399623056255966450921465584127304844415317723643207509,0xc7781eb0e4ab55dcecb64bba3cdb58a03d1275cfdc87ff4bbc4c20005b283681,1775654123,2026-04-08T13:15:23+00:00,0.605,clob_prices_history
50595160371163450458627399623056255966450921465584127304844415317723643207509,0xc7781eb0e4ab55dcecb64bba3cdb58a03d1275cfdc87ff4bbc4c20005b283681,1775655051,2026-04-08T13:30:51+00:00,0.605,clob_prices_history
50595160371163450458627399623056255966450921465584127304844415317723643207509,0xc7781eb0e4ab55dcecb64bba3cdb58a03d1275cfdc87ff4bbc4c20005b283681,1775655916,2026-04-08T13:45:16+00:00,0.605,clob_prices_history
50595160371163450458627399623056255966450921465584127304844415317723643207509,0xc7781eb0e4ab55dcecb64bba3cdb58a03d1275cfdc87ff4bbc4c20005b283681,1775657753,2026-04-08T14:15:53+00:00,0.605,clob_prices_history
50595160371163450458627399623056255966450921465584127304844415317723643207509,0xc7781eb0e4ab55dcecb64bba3cdb58a03d1275cfdc87ff4bbc4c20005b283681,1775658657,2026-04-08T14:30:57+00:00,0.605,clob_prices_history
50595160371163450458627399623056255966450921465584127304844415317723643207509,0xc7781eb0e4ab55dcecb64bba3cdb58a03d1275cfdc87ff4bbc4c20005b283681,1775659505,2026-04-08T14:45:05+00:00,0.605,clob_prices_history
50595160371163450458627399623056255966450921465584127304844415317723643207509,0xc7781eb0e4ab55dcecb64bba3cdb58a03d1275cfdc87ff4bbc4c20005b283681,1775660438,2026-04-08T15:00:38+00:00,0.605,clob_prices_history
50595160371163450458627399623056255966450921465584127304844415317723643207509,0xc7781eb0e4ab55dcecb64bba3cdb58a03d1275cfdc87ff4bbc4c20005b283681,1775661357,2026-04-08T15:15:57+00:00,0.605,clob_prices_history
50595160371163450458627399623056255966450921465584127304844415317723643207509,0xc7781eb0e4ab55dcecb64bba3cdb58a03d1275cfdc87ff4bbc4c20005b283681,1775662244,2026-04-08T15:30:44+00:00,0.605,clob_prices_history
50595160371163450458627399623056255966450921465584127304844415317723643207509,0xc7781eb0e4ab55dcecb64bba3cdb58a03d1275cfdc87ff4bbc4c20005b283681,1775663157,2026-04-08T15:45:57+00:00,0.605,clob_prices_history
50595160371163450458627399623056255966450921465584127304844415317723643207509,0xc7781eb0e4ab55dcecb64bba3cdb58a03d1275cfdc87ff4bbc4c20005b283681,1775664908,2026-04-08T16:15:08+00:00,0.605,clob_prices_history
50595160371163450458627399623056255966450921465584127304844415317723643207509,0xc7781eb0e4ab55dcecb64bba3cdb58a03d1275cfdc87ff4bbc4c20005b283681,1775666707,2026-04-08T16:45:07+00:00,0.605,clob_prices_history
50595160371163450458627399623056255966450921465584127304844415317723643207509,0xc7781eb0e4ab55dcecb64bba3cdb58a03d1275cfdc87ff4bbc4c20005b283681,1775668501,2026-04-08T17:15:01+00:00,0.605,clob_prices_history
50595160371163450458627399623056255966450921465584127304844415317723643207509,0xc7781eb0e4ab55dcecb64bba3cdb58a03d1275cfdc87ff4bbc4c20005b283681,1775670358,2026-04-08T17:45:58+00:00,0.605,clob_prices_history
50595160371163450458627399623056255966450921465584127304844415317723643207509,0xc7781eb0e4ab55dcecb64bba3cdb58a03d1275cfdc87ff4bbc4c20005b283681,1775672103,2026-04-08T18:15:03+00:00,0.605,clob_prices_history
50595160371163450458627399623056255966450921465584127304844415317723643207509,0xc7781eb0e4ab55dcecb64bba3cdb58a03d1275cfdc87ff4bbc4c20005b283681,1775675754,2026-04-08T19:15:54+00:00,0.605,clob_prices_history
50595160371163450458627399623056255966450921465584127304844415317723643207509,0xc7781eb0e4ab55dcecb64bba3cdb58a03d1275cfdc87ff4bbc4c20005b283681,1775676633,2026-04-08T19:30:33+00:00,0.605,clob_prices_history
50595160371163450458627399623056255966450921465584127304844415317723643207509,0xc7781eb0e4ab55dcecb64bba3cdb58a03d1275cfdc87ff4bbc4c20005b283681,1775677532,2026-04-08T19:45:32+00:00,0.605,clob_prices_history
50595160371163450458627399623056255966450921465584127304844415317723643207509,0xc7781eb0e4ab55dcecb64bba3cdb58a03d1275cfdc87ff4bbc4c20005b283681,1775679345,2026-04-08T20:15:45+00:00,0.605,clob_prices_history
50595160371163450458627399623056255966450921465584127304844415317723643207509,0xc7781eb0e4ab55dcecb64bba3cdb58a03d1275cfdc87ff4bbc4c20005b283681,1775684721,2026-04-08T21:45:21+00:00,0.605,clob_prices_history
50595160371163450458627399623056255966450921465584127304844415317723643207509,0xc7781eb0e4ab55dcecb64bba3cdb58a03d1275cfdc87ff4bbc4c20005b283681,1775687412,2026-04-08T22:30:12+00:00,0.605,clob_prices_history
50595160371163450458627399623056255966450921465584127304844415317723643207509,0xc7781eb0e4ab55dcecb64bba3cdb58a03d1275cfdc87ff4bbc4c20005b283681,1775689249,2026-04-08T23:00:49+00:00,0.605,clob_prices_history
50595160371163450458627399623056255966450921465584127304844415317723643207509,0xc7781eb0e4ab55dcecb64bba3cdb58a03d1275cfdc87ff4bbc4c20005b283681,1775690157,2026-04-08T23:15:57+00:00,0.605,clob_prices_history
50595160371163450458627399623056255966450921465584127304844415317723643207509,0xc7781eb0e4ab55dcecb64bba3cdb58a03d1275cfdc87ff4bbc4c20005b283681,1775691014,2026-04-08T23:30:14+00:00,0.605,clob_prices_history
50595160371163450458627399623056255966450921465584127304844415317723643207509,0xc7781eb0e4ab55dcecb64bba3cdb58a03d1275cfdc87ff4bbc4c20005b283681,1775691901,2026-04-08T23:45:01+00:00,0.605,clob_prices_history
50595160371163450458627399623056255966450921465584127304844415317723643207509,0xc7781eb0e4ab55dcecb64bba3cdb58a03d1275cfdc87ff4bbc4c20005b283681,1775692841,2026-04-09T00:00:41+00:00,0.605,clob_prices_history
50595160371163450458627399623056255966450921465584127304844415317723643207509,0xc7781eb0e4ab55dcecb64bba3cdb58a03d1275cfdc87ff4bbc4c20005b283681,1775693753,2026-04-09T00:15:53+00:00,0.605,clob_prices_history
50595160371163450458627399623056255966450921465584127304844415317723643207509,0xc7781eb0e4ab55dcecb64bba3cdb58a03d1275cfdc87ff4bbc4c20005b283681,1775694658,2026-04-09T00:30:58+00:00,0.605,clob_prices_history
50595160371163450458627399623056255966450921465584127304844415317723643207509,0xc7781eb0e4ab55dcecb64bba3cdb58a03d1275cfdc87ff4bbc4c20005b283681,1775695551,2026-04-09T00:45:51+00:00,0.605,clob_prices_history
50595160371163450458627399623056255966450921465584127304844415317723643207509,0xc7781eb0e4ab55dcecb64bba3cdb58a03d1275cfdc87ff4bbc4c20005b283681,1775696457,2026-04-09T01:00:57+00:00,0.605,clob_prices_history
50595160371163450458627399623056255966450921465584127304844415317723643207509,0xc7781eb0e4ab55dcecb64bba3cdb58a03d1275cfdc87ff4bbc4c20005b283681,1775697352,2026-04-09T01:15:52+00:00,0.605,clob_prices_history
50595160371163450458627399623056255966450921465584127304844415317723643207509,0xc7781eb0e4ab55dcecb64bba3cdb58a03d1275cfdc87ff4bbc4c20005b283681,1775698254,2026-04-09T01:30:54+00:00,0.605,clob_prices_history
50595160371163450458627399623056255966450921465584127304844415317723643207509,0xc7781eb0e4ab55dcecb64bba3cdb58a03d1275cfdc87ff4bbc4c20005b283681,1775699153,2026-04-09T01:45:53+00:00,0.605,clob_prices_history
50595160371163450458627399623056255966450921465584127304844415317723643207509,0xc7781eb0e4ab55dcecb64bba3cdb58a03d1275cfdc87ff4bbc4c20005b283681,1775700058,2026-04-09T02:00:58+00:00,0.6,clob_prices_history
50595160371163450458627399623056255966450921465584127304844415317723643207509,0xc7781eb0e4ab55dcecb64bba3cdb58a03d1275cfdc87ff4bbc4c20005b283681,1775700952,2026-04-09T02:15:52+00:00,0.6,clob_prices_history
50595160371163450458627399623056255966450921465584127304844415317723643207509,0xc7781eb0e4ab55dcecb64bba3cdb58a03d1275cfdc87ff4bbc4c20005b283681,1775701855,2026-04-09T02:30:55+00:00,0.6,clob_prices_history
50595160371163450458627399623056255966450921465584127304844415317723643207509,0xc7781eb0e4ab55dcecb64bba3cdb58a03d1275cfdc87ff4bbc4c20005b283681,1775702753,2026-04-09T02:45:53+00:00,0.6,clob_prices_history
50595160371163450458627399623056255966450921465584127304844415317723643207509,0xc7781eb0e4ab55dcecb64bba3cdb58a03d1275cfdc87ff4bbc4c20005b283681,1775704550,2026-04-09T03:15:50+00:00,0.6,clob_prices_history
50595160371163450458627399623056255966450921465584127304844415317723643207509,0xc7781eb0e4ab55dcecb64bba3cdb58a03d1275cfdc87ff4bbc4c20005b283681,1775705455,2026-04-09T03:30:55+00:00,0.6,clob_prices_history
50595160371163450458627399623056255966450921465584127304844415317723643207509,0xc7781eb0e4ab55dcecb64bba3cdb58a03d1275cfdc87ff4bbc4c20005b283681,1775706351,2026-04-09T03:45:51+00:00,0.6,clob_prices_history
50595160371163450458627399623056255966450921465584127304844415317723643207509,0xc7781eb0e4ab55dcecb64bba3cdb58a03d1275cfdc87ff4bbc4c20005b283681,1775707258,2026-04-09T04:00:58+00:00,0.6,clob_prices_history
50595160371163450458627399623056255966450921465584127304844415317723643207509,0xc7781eb0e4ab55dcecb64bba3cdb58a03d1275cfdc87ff4bbc4c20005b283681,1775708150,2026-04-09T04:15:50+00:00,0.6,clob_prices_history
50595160371163450458627399623056255966450921465584127304844415317723643207509,0xc7781eb0e4ab55dcecb64bba3cdb58a03d1275cfdc87ff4bbc4c20005b283681,1775709055,2026-04-09T04:30:55+00:00,0.605,clob_prices_history
50595160371163450458627399623056255966450921465584127304844415317723643207509,0xc7781eb0e4ab55dcecb64bba3cdb58a03d1275cfdc87ff4bbc4c20005b283681,1775709953,2026-04-09T04:45:53+00:00,0.605,clob_prices_history
50595160371163450458627399623056255966450921465584127304844415317723643207509,0xc7781eb0e4ab55dcecb64bba3cdb58a03d1275cfdc87ff4bbc4c20005b283681,1775710856,2026-04-09T05:00:56+00:00,0.605,clob_prices_history
50595160371163450458627399623056255966450921465584127304844415317723643207509,0xc7781eb0e4ab55dcecb64bba3cdb58a03d1275cfdc87ff4bbc4c20005b283681,1775711755,2026-04-09T05:15:55+00:00,0.6,clob_prices_history
50595160371163450458627399623056255966450921465584127304844415317723643207509,0xc7781eb0e4ab55dcecb64bba3cdb58a03d1275cfdc87ff4bbc4c20005b283681,1775712655,2026-04-09T05:30:55+00:00,0.6,clob_prices_history
50595160371163450458627399623056255966450921465584127304844415317723643207509,0xc7781eb0e4ab55dcecb64bba3cdb58a03d1275cfdc87ff4bbc4c20005b283681,1775713552,2026-04-09T05:45:52+00:00,0.6,clob_prices_history
50595160371163450458627399623056255966450921465584127304844415317723643207509,0xc7781eb0e4ab55dcecb64bba3cdb58a03d1275cfdc87ff4bbc4c20005b283681,1775715354,2026-04-09T06:15:54+00:00,0.6,clob_prices_history
50595160371163450458627399623056255966450921465584127304844415317723643207509,0xc7781eb0e4ab55dcecb64bba3cdb58a03d1275cfdc87ff4bbc4c20005b283681,1775716255,2026-04-09T06:30:55+00:00,0.6,clob_prices_history
50595160371163450458627399623056255966450921465584127304844415317723643207509,0xc7781eb0e4ab55dcecb64bba3cdb58a03d1275cfdc87ff4bbc4c20005b283681,1775717152,2026-04-09T06:45:52+00:00,0.6,clob_prices_history
50595160371163450458627399623056255966450921465584127304844415317723643207509,0xc7781eb0e4ab55dcecb64bba3cdb58a03d1275cfdc87ff4bbc4c20005b283681,1775718055,2026-04-09T07:00:55+00:00,0.6,clob_prices_history
50595160371163450458627399623056255966450921465584127304844415317723643207509,0xc7781eb0e4ab55dcecb64bba3cdb58a03d1275cfdc87ff4bbc4c20005b283681,1775718952,2026-04-09T07:15:52+00:00,0.6,clob_prices_history
50595160371163450458627399623056255966450921465584127304844415317723643207509,0xc7781eb0e4ab55dcecb64bba3cdb58a03d1275cfdc87ff4bbc4c20005b283681,1775719856,2026-04-09T07:30:56+00:00,0.6,clob_prices_history
50595160371163450458627399623056255966450921465584127304844415317723643207509,0xc7781eb0e4ab55dcecb64bba3cdb58a03d1275cfdc87ff4bbc4c20005b283681,1775720751,2026-04-09T07:45:51+00:00,0.6,clob_prices_history
50595160371163450458627399623056255966450921465584127304844415317723643207509,0xc7781eb0e4ab55dcecb64bba3cdb58a03d1275cfdc87ff4bbc4c20005b283681,1775721655,2026-04-09T08:00:55+00:00,0.6,clob_prices_history
50595160371163450458627399623056255966450921465584127304844415317723643207509,0xc7781eb0e4ab55dcecb64bba3cdb58a03d1275cfdc87ff4bbc4c20005b283681,1775722551,2026-04-09T08:15:51+00:00,0.6,clob_prices_history
50595160371163450458627399623056255966450921465584127304844415317723643207509,0xc7781eb0e4ab55dcecb64bba3cdb58a03d1275cfdc87ff4bbc4c20005b283681,1775724351,2026-04-09T08:45:51+00:00,0.6,clob_prices_history
50595160371163450458627399623056255966450921465584127304844415317723643207509,0xc7781eb0e4ab55dcecb64bba3cdb58a03d1275cfdc87ff4bbc4c20005b283681,1775726152,2026-04-09T09:15:52+00:00,0.6,clob_prices_history
50595160371163450458627399623056255966450921465584127304844415317723643207509,0xc7781eb0e4ab55dcecb64bba3cdb58a03d1275cfdc87ff4bbc4c20005b283681,1775727011,2026-04-09T09:30:11+00:00,0.6,clob_prices_history
50595160371163450458627399623056255966450921465584127304844415317723643207509,0xc7781eb0e4ab55dcecb64bba3cdb58a03d1275cfdc87ff4bbc4c20005b283681,1775727925,2026-04-09T09:45:25+00:00,0.6,clob_prices_history
50595160371163450458627399623056255966450921465584127304844415317723643207509,0xc7781eb0e4ab55dcecb64bba3cdb58a03d1275cfdc87ff4bbc4c20005b283681,1775728857,2026-04-09T10:00:57+00:00,0.6,clob_prices_history
50595160371163450458627399623056255966450921465584127304844415317723643207509,0xc7781eb0e4ab55dcecb64bba3cdb58a03d1275cfdc87ff4bbc4c20005b283681,1775730655,2026-04-09T10:30:55+00:00,0.6,clob_prices_history
50595160371163450458627399623056255966450921465584127304844415317723643207509,0xc7781eb0e4ab55dcecb64bba3cdb58a03d1275cfdc87ff4bbc4c20005b283681,1775731554,2026-04-09T10:45:54+00:00,0.6,clob_prices_history
50595160371163450458627399623056255966450921465584127304844415317723643207509,0xc7781eb0e4ab55dcecb64bba3cdb58a03d1275cfdc87ff4bbc4c20005b283681,1775732457,2026-04-09T11:00:57+00:00,0.6,clob_prices_history
50595160371163450458627399623056255966450921465584127304844415317723643207509,0xc7781eb0e4ab55dcecb64bba3cdb58a03d1275cfdc87ff4bbc4c20005b283681,1775733301,2026-04-09T11:15:01+00:00,0.6,clob_prices_history
50595160371163450458627399623056255966450921465584127304844415317723643207509,0xc7781eb0e4ab55dcecb64bba3cdb58a03d1275cfdc87ff4bbc4c20005b283681,1775733356,2026-04-09T11:15:56+00:00,0.6,clob_prices_history
50595160371163450458627399623056255966450921465584127304844415317723643207509,0xc7781eb0e4ab55dcecb64bba3cdb58a03d1275cfdc87ff4bbc4c20005b283681,1775734258,2026-04-09T11:30:58+00:00,0.6,clob_prices_history
50595160371163450458627399623056255966450921465584127304844415317723643207509,0xc7781eb0e4ab55dcecb64bba3cdb58a03d1275cfdc87ff4bbc4c20005b283681,1775736952,2026-04-09T12:15:52+00:00,0.6,clob_prices_history
50595160371163450458627399623056255966450921465584127304844415317723643207509,0xc7781eb0e4ab55dcecb64bba3cdb58a03d1275cfdc87ff4bbc4c20005b283681,1775737857,2026-04-09T12:30:57+00:00,0.6,clob_prices_history
50595160371163450458627399623056255966450921465584127304844415317723643207509,0xc7781eb0e4ab55dcecb64bba3cdb58a03d1275cfdc87ff4bbc4c20005b283681,1775738753,2026-04-09T12:45:53+00:00,0.6,clob_prices_history
50595160371163450458627399623056255966450921465584127304844415317723643207509,0xc7781eb0e4ab55dcecb64bba3cdb58a03d1275cfdc87ff4bbc4c20005b283681,1775740552,2026-04-09T13:15:52+00:00,0.6,clob_prices_history
50595160371163450458627399623056255966450921465584127304844415317723643207509,0xc7781eb0e4ab55dcecb64bba3cdb58a03d1275cfdc87ff4bbc4c20005b283681,1775741456,2026-04-09T13:30:56+00:00,0.6,clob_prices_history
50595160371163450458627399623056255966450921465584127304844415317723643207509,0xc7781eb0e4ab55dcecb64bba3cdb58a03d1275cfdc87ff4bbc4c20005b283681,1775742356,2026-04-09T13:45:56+00:00,0.6,clob_prices_history
50595160371163450458627399623056255966450921465584127304844415317723643207509,0xc7781eb0e4ab55dcecb64bba3cdb58a03d1275cfdc87ff4bbc4c20005b283681,1775744153,2026-04-09T14:15:53+00:00,0.6,clob_prices_history
50595160371163450458627399623056255966450921465584127304844415317723643207509,0xc7781eb0e4ab55dcecb64bba3cdb58a03d1275cfdc87ff4bbc4c20005b283681,1775746820,2026-04-09T15:00:20+00:00,0.6,clob_prices_history
50595160371163450458627399623056255966450921465584127304844415317723643207509,0xc7781eb0e4ab55dcecb64bba3cdb58a03d1275cfdc87ff4bbc4c20005b283681,1775747754,2026-04-09T15:15:54+00:00,0.6,clob_prices_history
50595160371163450458627399623056255966450921465584127304844415317723643207509,0xc7781eb0e4ab55dcecb64bba3cdb58a03d1275cfdc87ff4bbc4c20005b283681,1775753107,2026-04-09T16:45:07+00:00,0.6,clob_prices_history
50595160371163450458627399623056255966450921465584127304844415317723643207509,0xc7781eb0e4ab55dcecb64bba3cdb58a03d1275cfdc87ff4bbc4c20005b283681,1775754922,2026-04-09T17:15:22+00:00,0.6,clob_prices_history
50595160371163450458627399623056255966450921465584127304844415317723643207509,0xc7781eb0e4ab55dcecb64bba3cdb58a03d1275cfdc87ff4bbc4c20005b283681,1775765754,2026-04-09T20:15:54+00:00,0.61,clob_prices_history
50595160371163450458627399623056255966450921465584127304844415317723643207509,0xc7781eb0e4ab55dcecb64bba3cdb58a03d1275cfdc87ff4bbc4c20005b283681,1775767555,2026-04-09T20:45:55+00:00,0.61,clob_prices_history
50595160371163450458627399623056255966450921465584127304844415317723643207509,0xc7781eb0e4ab55dcecb64bba3cdb58a03d1275cfdc87ff4bbc4c20005b283681,1775777401,2026-04-09T23:30:01+00:00,0.375,clob_prices_history
50595160371163450458627399623056255966450921465584127304844415317723643207509,0xc7781eb0e4ab55dcecb64bba3cdb58a03d1275cfdc87ff4bbc4c20005b283681,1775778359,2026-04-09T23:45:59+00:00,0.375,clob_prices_history
50595160371163450458627399623056255966450921465584127304844415317723643207509,0xc7781eb0e4ab55dcecb64bba3cdb58a03d1275cfdc87ff4bbc4c20005b283681,1775781958,2026-04-10T00:45:58+00:00,0.395,clob_prices_history
50595160371163450458627399623056255966450921465584127304844415317723643207509,0xc7781eb0e4ab55dcecb64bba3cdb58a03d1275cfdc87ff4bbc4c20005b283681,1775783754,2026-04-10T01:15:54+00:00,0.415,clob_prices_history
50595160371163450458627399623056255966450921465584127304844415317723643207509,0xc7781eb0e4ab55dcecb64bba3cdb58a03d1275cfdc87ff4bbc4c20005b283681,1775787354,2026-04-10T02:15:54+00:00,0.39,clob_prices_history
50595160371163450458627399623056255966450921465584127304844415317723643207509,0xc7781eb0e4ab55dcecb64bba3cdb58a03d1275cfdc87ff4bbc4c20005b283681,1775788259,2026-04-10T02:30:59+00:00,0.4,clob_prices_history
50595160371163450458627399623056255966450921465584127304844415317723643207509,0xc7781eb0e4ab55dcecb64bba3cdb58a03d1275cfdc87ff4bbc4c20005b283681,1775790957,2026-04-10T03:15:57+00:00,0.36,clob_prices_history
50595160371163450458627399623056255966450921465584127304844415317723643207509,0xc7781eb0e4ab55dcecb64bba3cdb58a03d1275cfdc87ff4bbc4c20005b283681,1775796357,2026-04-10T04:45:57+00:00,0.395,clob_prices_history
50595160371163450458627399623056255966450921465584127304844415317723643207509,0xc7781eb0e4ab55dcecb64bba3cdb58a03d1275cfdc87ff4bbc4c20005b283681,1775799954,2026-04-10T05:45:54+00:00,0.415,clob_prices_history
50595160371163450458627399623056255966450921465584127304844415317723643207509,0xc7781eb0e4ab55dcecb64bba3cdb58a03d1275cfdc87ff4bbc4c20005b283681,1775800847,2026-04-10T06:00:47+00:00,0.415,clob_prices_history
50595160371163450458627399623056255966450921465584127304844415317723643207509,0xc7781eb0e4ab55dcecb64bba3cdb58a03d1275cfdc87ff4bbc4c20005b283681,1775801755,2026-04-10T06:15:55+00:00,0.415,clob_prices_history
50595160371163450458627399623056255966450921465584127304844415317723643207509,0xc7781eb0e4ab55dcecb64bba3cdb58a03d1275cfdc87ff4bbc4c20005b283681,1775803553,2026-04-10T06:45:53+00:00,0.37,clob_prices_history
50595160371163450458627399623056255966450921465584127304844415317723643207509,0xc7781eb0e4ab55dcecb64bba3cdb58a03d1275cfdc87ff4bbc4c20005b283681,1775805353,2026-04-10T07:15:53+00:00,0.545,clob_prices_history
50595160371163450458627399623056255966450921465584127304844415317723643207509,0xc7781eb0e4ab55dcecb64bba3cdb58a03d1275cfdc87ff4bbc4c20005b283681,1775806259,2026-04-10T07:30:59+00:00,0.56,clob_prices_history
50595160371163450458627399623056255966450921465584127304844415317723643207509,0xc7781eb0e4ab55dcecb64bba3cdb58a03d1275cfdc87ff4bbc4c20005b283681,1775808015,2026-04-10T08:00:15+00:00,0.555,clob_prices_history
50595160371163450458627399623056255966450921465584127304844415317723643207509,0xc7781eb0e4ab55dcecb64bba3cdb58a03d1275cfdc87ff4bbc4c20005b283681,1775808958,2026-04-10T08:15:58+00:00,0.555,clob_prices_history
50595160371163450458627399623056255966450921465584127304844415317723643207509,0xc7781eb0e4ab55dcecb64bba3cdb58a03d1275cfdc87ff4bbc4c20005b283681,1775810754,2026-04-10T08:45:54+00:00,0.55,clob_prices_history
50595160371163450458627399623056255966450921465584127304844415317723643207509,0xc7781eb0e4ab55dcecb64bba3cdb58a03d1275cfdc87ff4bbc4c20005b283681,1775811616,2026-04-10T09:00:16+00:00,0.55,clob_prices_history
50595160371163450458627399623056255966450921465584127304844415317723643207509,0xc7781eb0e4ab55dcecb64bba3cdb58a03d1275cfdc87ff4bbc4c20005b283681,1775812553,2026-04-10T09:15:53+00:00,0.55,clob_prices_history
50595160371163450458627399623056255966450921465584127304844415317723643207509,0xc7781eb0e4ab55dcecb64bba3cdb58a03d1275cfdc87ff4bbc4c20005b283681,1775814358,2026-04-10T09:45:58+00:00,0.575,clob_prices_history
50595160371163450458627399623056255966450921465584127304844415317723643207509,0xc7781eb0e4ab55dcecb64bba3cdb58a03d1275cfdc87ff4bbc4c20005b283681,1775816135,2026-04-10T10:15:35+00:00,0.575,clob_prices_history
50595160371163450458627399623056255966450921465584127304844415317723643207509,0xc7781eb0e4ab55dcecb64bba3cdb58a03d1275cfdc87ff4bbc4c20005b283681,1775817956,2026-04-10T10:45:56+00:00,0.595,clob_prices_history
50595160371163450458627399623056255966450921465584127304844415317723643207509,0xc7781eb0e4ab55dcecb64bba3cdb58a03d1275cfdc87ff4bbc4c20005b283681,1775819755,2026-04-10T11:15:55+00:00,0.555,clob_prices_history
50595160371163450458627399623056255966450921465584127304844415317723643207509,0xc7781eb0e4ab55dcecb64bba3cdb58a03d1275cfdc87ff4bbc4c20005b283681,1775821509,2026-04-10T11:45:09+00:00,0.555,clob_prices_history
50595160371163450458627399623056255966450921465584127304844415317723643207509,0xc7781eb0e4ab55dcecb64bba3cdb58a03d1275cfdc87ff4bbc4c20005b283681,1775825155,2026-04-10T12:45:55+00:00,0.56,clob_prices_history
50595160371163450458627399623056255966450921465584127304844415317723643207509,0xc7781eb0e4ab55dcecb64bba3cdb58a03d1275cfdc87ff4bbc4c20005b283681,1775826018,2026-04-10T13:00:18+00:00,0.555,clob_prices_history
50595160371163450458627399623056255966450921465584127304844415317723643207509,0xc7781eb0e4ab55dcecb64bba3cdb58a03d1275cfdc87ff4bbc4c20005b283681,1775826954,2026-04-10T13:15:54+00:00,0.555,clob_prices_history
50595160371163450458627399623056255966450921465584127304844415317723643207509,0xc7781eb0e4ab55dcecb64bba3cdb58a03d1275cfdc87ff4bbc4c20005b283681,1775830555,2026-04-10T14:15:55+00:00,0.555,clob_prices_history
50595160371163450458627399623056255966450921465584127304844415317723643207509,0xc7781eb0e4ab55dcecb64bba3cdb58a03d1275cfdc87ff4bbc4c20005b283681,1775832356,2026-04-10T14:45:56+00:00,0.555,clob_prices_history
50595160371163450458627399623056255966450921465584127304844415317723643207509,0xc7781eb0e4ab55dcecb64bba3cdb58a03d1275cfdc87ff4bbc4c20005b283681,1775833252,2026-04-10T15:00:52+00:00,0.55,clob_prices_history
50595160371163450458627399623056255966450921465584127304844415317723643207509,0xc7781eb0e4ab55dcecb64bba3cdb58a03d1275cfdc87ff4bbc4c20005b283681,1775834153,2026-04-10T15:15:53+00:00,0.555,clob_prices_history
50595160371163450458627399623056255966450921465584127304844415317723643207509,0xc7781eb0e4ab55dcecb64bba3cdb58a03d1275cfdc87ff4bbc4c20005b283681,1775836805,2026-04-10T16:00:05+00:00,0.54,clob_prices_history
50595160371163450458627399623056255966450921465584127304844415317723643207509,0xc7781eb0e4ab55dcecb64bba3cdb58a03d1275cfdc87ff4bbc4c20005b283681,1775837754,2026-04-10T16:15:54+00:00,0.54,clob_prices_history
50595160371163450458627399623056255966450921465584127304844415317723643207509,0xc7781eb0e4ab55dcecb64bba3cdb58a03d1275cfdc87ff4bbc4c20005b283681,1775839556,2026-04-10T16:45:56+00:00,0.54,clob_prices_history
50595160371163450458627399623056255966450921465584127304844415317723643207509,0xc7781eb0e4ab55dcecb64bba3cdb58a03d1275cfdc87ff4bbc4c20005b283681,1775840440,2026-04-10T17:00:40+00:00,0.545,clob_prices_history
50595160371163450458627399623056255966450921465584127304844415317723643207509,0xc7781eb0e4ab55dcecb64bba3cdb58a03d1275cfdc87ff4bbc4c20005b283681,1775841355,2026-04-10T17:15:55+00:00,0.545,clob_prices_history
50595160371163450458627399623056255966450921465584127304844415317723643207509,0xc7781eb0e4ab55dcecb64bba3cdb58a03d1275cfdc87ff4bbc4c20005b283681,1775843112,2026-04-10T17:45:12+00:00,0.555,clob_prices_history
50595160371163450458627399623056255966450921465584127304844415317723643207509,0xc7781eb0e4ab55dcecb64bba3cdb58a03d1275cfdc87ff4bbc4c20005b283681,1775846756,2026-04-10T18:45:56+00:00,0.54,clob_prices_history
50595160371163450458627399623056255966450921465584127304844415317723643207509,0xc7781eb0e4ab55dcecb64bba3cdb58a03d1275cfdc87ff4bbc4c20005b283681,1775848555,2026-04-10T19:15:55+00:00,0.53,clob_prices_history
50595160371163450458627399623056255966450921465584127304844415317723643207509,0xc7781eb0e4ab55dcecb64bba3cdb58a03d1275cfdc87ff4bbc4c20005b283681,1775850306,2026-04-10T19:45:06+00:00,0.54,clob_prices_history
50595160371163450458627399623056255966450921465584127304844415317723643207509,0xc7781eb0e4ab55dcecb64bba3cdb58a03d1275cfdc87ff4bbc4c20005b283681,1775851219,2026-04-10T20:00:19+00:00,0.56,clob_prices_history
50595160371163450458627399623056255966450921465584127304844415317723643207509,0xc7781eb0e4ab55dcecb64bba3cdb58a03d1275cfdc87ff4bbc4c20005b283681,1775853916,2026-04-10T20:45:16+00:00,0.57,clob_prices_history
50595160371163450458627399623056255966450921465584127304844415317723643207509,0xc7781eb0e4ab55dcecb64bba3cdb58a03d1275cfdc87ff4bbc4c20005b283681,1775855729,2026-04-10T21:15:29+00:00,0.57,clob_prices_history
50595160371163450458627399623056255966450921465584127304844415317723643207509,0xc7781eb0e4ab55dcecb64bba3cdb58a03d1275cfdc87ff4bbc4c20005b283681,1775856618,2026-04-10T21:30:18+00:00,0.57,clob_prices_history
50595160371163450458627399623056255966450921465584127304844415317723643207509,0xc7781eb0e4ab55dcecb64bba3cdb58a03d1275cfdc87ff4bbc4c20005b283681,1775857530,2026-04-10T21:45:30+00:00,0.57,clob_prices_history
50595160371163450458627399623056255966450921465584127304844415317723643207509,0xc7781eb0e4ab55dcecb64bba3cdb58a03d1275cfdc87ff4bbc4c20005b283681,1775860248,2026-04-10T22:30:48+00:00,0.57,clob_prices_history
50595160371163450458627399623056255966450921465584127304844415317723643207509,0xc7781eb0e4ab55dcecb64bba3cdb58a03d1275cfdc87ff4bbc4c20005b283681,1775861158,2026-04-10T22:45:58+00:00,0.57,clob_prices_history
50595160371163450458627399623056255966450921465584127304844415317723643207509,0xc7781eb0e4ab55dcecb64bba3cdb58a03d1275cfdc87ff4bbc4c20005b283681,1775862026,2026-04-10T23:00:26+00:00,0.57,clob_prices_history
50595160371163450458627399623056255966450921465584127304844415317723643207509,0xc7781eb0e4ab55dcecb64bba3cdb58a03d1275cfdc87ff4bbc4c20005b283681,1775862957,2026-04-10T23:15:57+00:00,0.57,clob_prices_history
50595160371163450458627399623056255966450921465584127304844415317723643207509,0xc7781eb0e4ab55dcecb64bba3cdb58a03d1275cfdc87ff4bbc4c20005b283681,1775863825,2026-04-10T23:30:25+00:00,0.57,clob_prices_history
50595160371163450458627399623056255966450921465584127304844415317723643207509,0xc7781eb0e4ab55dcecb64bba3cdb58a03d1275cfdc87ff4bbc4c20005b283681,1775864713,2026-04-10T23:45:13+00:00,0.57,clob_prices_history
50595160371163450458627399623056255966450921465584127304844415317723643207509,0xc7781eb0e4ab55dcecb64bba3cdb58a03d1275cfdc87ff4bbc4c20005b283681,1775866555,2026-04-11T00:15:55+00:00,0.57,clob_prices_history
50595160371163450458627399623056255966450921465584127304844415317723643207509,0xc7781eb0e4ab55dcecb64bba3cdb58a03d1275cfdc87ff4bbc4c20005b283681,1775868356,2026-04-11T00:45:56+00:00,0.57,clob_prices_history
50595160371163450458627399623056255966450921465584127304844415317723643207509,0xc7781eb0e4ab55dcecb64bba3cdb58a03d1275cfdc87ff4bbc4c20005b283681,1775870156,2026-04-11T01:15:56+00:00,0.57,clob_prices_history
50595160371163450458627399623056255966450921465584127304844415317723643207509,0xc7781eb0e4ab55dcecb64bba3cdb58a03d1275cfdc87ff4bbc4c20005b283681,1775871901,2026-04-11T01:45:01+00:00,0.57,clob_prices_history
50595160371163450458627399623056255966450921465584127304844415317723643207509,0xc7781eb0e4ab55dcecb64bba3cdb58a03d1275cfdc87ff4bbc4c20005b283681,1775871957,2026-04-11T01:45:57+00:00,0.57,clob_prices_history
50595160371163450458627399623056255966450921465584127304844415317723643207509,0xc7781eb0e4ab55dcecb64bba3cdb58a03d1275cfdc87ff4bbc4c20005b283681,1775873705,2026-04-11T02:15:05+00:00,0.57,clob_prices_history
50595160371163450458627399623056255966450921465584127304844415317723643207509,0xc7781eb0e4ab55dcecb64bba3cdb58a03d1275cfdc87ff4bbc4c20005b283681,1775875555,2026-04-11T02:45:55+00:00,0.57,clob_prices_history
50595160371163450458627399623056255966450921465584127304844415317723643207509,0xc7781eb0e4ab55dcecb64bba3cdb58a03d1275cfdc87ff4bbc4c20005b283681,1775877353,2026-04-11T03:15:53+00:00,0.57,clob_prices_history
50595160371163450458627399623056255966450921465584127304844415317723643207509,0xc7781eb0e4ab55dcecb64bba3cdb58a03d1275cfdc87ff4bbc4c20005b283681,1775879154,2026-04-11T03:45:54+00:00,0.57,clob_prices_history
50595160371163450458627399623056255966450921465584127304844415317723643207509,0xc7781eb0e4ab55dcecb64bba3cdb58a03d1275cfdc87ff4bbc4c20005b283681,1775880955,2026-04-11T04:15:55+00:00,0.57,clob_prices_history
50595160371163450458627399623056255966450921465584127304844415317723643207509,0xc7781eb0e4ab55dcecb64bba3cdb58a03d1275cfdc87ff4bbc4c20005b283681,1775882753,2026-04-11T04:45:53+00:00,0.57,clob_prices_history
50595160371163450458627399623056255966450921465584127304844415317723643207509,0xc7781eb0e4ab55dcecb64bba3cdb58a03d1275cfdc87ff4bbc4c20005b283681,1775884557,2026-04-11T05:15:57+00:00,0.57,clob_prices_history
50595160371163450458627399623056255966450921465584127304844415317723643207509,0xc7781eb0e4ab55dcecb64bba3cdb58a03d1275cfdc87ff4bbc4c20005b283681,1775885413,2026-04-11T05:30:13+00:00,0.57,clob_prices_history
50595160371163450458627399623056255966450921465584127304844415317723643207509,0xc7781eb0e4ab55dcecb64bba3cdb58a03d1275cfdc87ff4bbc4c20005b283681,1775886352,2026-04-11T05:45:52+00:00,0.57,clob_prices_history
50595160371163450458627399623056255966450921465584127304844415317723643207509,0xc7781eb0e4ab55dcecb64bba3cdb58a03d1275cfdc87ff4bbc4c20005b283681,1775887207,2026-04-11T06:00:07+00:00,0.57,clob_prices_history
50595160371163450458627399623056255966450921465584127304844415317723643207509,0xc7781eb0e4ab55dcecb64bba3cdb58a03d1275cfdc87ff4bbc4c20005b283681,1775888153,2026-04-11T06:15:53+00:00,0.57,clob_prices_history
50595160371163450458627399623056255966450921465584127304844415317723643207509,0xc7781eb0e4ab55dcecb64bba3cdb58a03d1275cfdc87ff4bbc4c20005b283681,1775889951,2026-04-11T06:45:51+00:00,0.57,clob_prices_history
50595160371163450458627399623056255966450921465584127304844415317723643207509,0xc7781eb0e4ab55dcecb64bba3cdb58a03d1275cfdc87ff4bbc4c20005b283681,1775891753,2026-04-11T07:15:53+00:00,0.57,clob_prices_history
50595160371163450458627399623056255966450921465584127304844415317723643207509,0xc7781eb0e4ab55dcecb64bba3cdb58a03d1275cfdc87ff4bbc4c20005b283681,1775893554,2026-04-11T07:45:54+00:00,0.57,clob_prices_history
50595160371163450458627399623056255966450921465584127304844415317723643207509,0xc7781eb0e4ab55dcecb64bba3cdb58a03d1275cfdc87ff4bbc4c20005b283681,1775897156,2026-04-11T08:45:56+00:00,0.57,clob_prices_history
50595160371163450458627399623056255966450921465584127304844415317723643207509,0xc7781eb0e4ab55dcecb64bba3cdb58a03d1275cfdc87ff4bbc4c20005b283681,1775898953,2026-04-11T09:15:53+00:00,0.58,clob_prices_history
50595160371163450458627399623056255966450921465584127304844415317723643207509,0xc7781eb0e4ab55dcecb64bba3cdb58a03d1275cfdc87ff4bbc4c20005b283681,1775900753,2026-04-11T09:45:53+00:00,0.58,clob_prices_history
50595160371163450458627399623056255966450921465584127304844415317723643207509,0xc7781eb0e4ab55dcecb64bba3cdb58a03d1275cfdc87ff4bbc4c20005b283681,1775901630,2026-04-11T10:00:30+00:00,0.585,clob_prices_history
50595160371163450458627399623056255966450921465584127304844415317723643207509,0xc7781eb0e4ab55dcecb64bba3cdb58a03d1275cfdc87ff4bbc4c20005b283681,1775902553,2026-04-11T10:15:53+00:00,0.58,clob_prices_history
50595160371163450458627399623056255966450921465584127304844415317723643207509,0xc7781eb0e4ab55dcecb64bba3cdb58a03d1275cfdc87ff4bbc4c20005b283681,1775904357,2026-04-11T10:45:57+00:00,0.58,clob_prices_history
50595160371163450458627399623056255966450921465584127304844415317723643207509,0xc7781eb0e4ab55dcecb64bba3cdb58a03d1275cfdc87ff4bbc4c20005b283681,1775906155,2026-04-11T11:15:55+00:00,0.575,clob_prices_history
50595160371163450458627399623056255966450921465584127304844415317723643207509,0xc7781eb0e4ab55dcecb64bba3cdb58a03d1275cfdc87ff4bbc4c20005b283681,1775907958,2026-04-11T11:45:58+00:00,0.575,clob_prices_history
50595160371163450458627399623056255966450921465584127304844415317723643207509,0xc7781eb0e4ab55dcecb64bba3cdb58a03d1275cfdc87ff4bbc4c20005b283681,1775909755,2026-04-11T12:15:55+00:00,0.575,clob_prices_history
50595160371163450458627399623056255966450921465584127304844415317723643207509,0xc7781eb0e4ab55dcecb64bba3cdb58a03d1275cfdc87ff4bbc4c20005b283681,1775911554,2026-04-11T12:45:54+00:00,0.58,clob_prices_history
50595160371163450458627399623056255966450921465584127304844415317723643207509,0xc7781eb0e4ab55dcecb64bba3cdb58a03d1275cfdc87ff4bbc4c20005b283681,1775913353,2026-04-11T13:15:53+00:00,0.58,clob_prices_history
50595160371163450458627399623056255966450921465584127304844415317723643207509,0xc7781eb0e4ab55dcecb64bba3cdb58a03d1275cfdc87ff4bbc4c20005b283681,1775916907,2026-04-11T14:15:07+00:00,0.575,clob_prices_history
50595160371163450458627399623056255966450921465584127304844415317723643207509,0xc7781eb0e4ab55dcecb64bba3cdb58a03d1275cfdc87ff4bbc4c20005b283681,1775918753,2026-04-11T14:45:53+00:00,0.58,clob_prices_history
50595160371163450458627399623056255966450921465584127304844415317723643207509,0xc7781eb0e4ab55dcecb64bba3cdb58a03d1275cfdc87ff4bbc4c20005b283681,1775920526,2026-04-11T15:15:26+00:00,0.575,clob_prices_history
50595160371163450458627399623056255966450921465584127304844415317723643207509,0xc7781eb0e4ab55dcecb64bba3cdb58a03d1275cfdc87ff4bbc4c20005b283681,1775922300,2026-04-11T15:45:00+00:00,0.59,clob_prices_history
50595160371163450458627399623056255966450921465584127304844415317723643207509,0xc7781eb0e4ab55dcecb64bba3cdb58a03d1275cfdc87ff4bbc4c20005b283681,1775924154,2026-04-11T16:15:54+00:00,0.6,clob_prices_history
50595160371163450458627399623056255966450921465584127304844415317723643207509,0xc7781eb0e4ab55dcecb64bba3cdb58a03d1275cfdc87ff4bbc4c20005b283681,1775927752,2026-04-11T17:15:52+00:00,0.625,clob_prices_history
50595160371163450458627399623056255966450921465584127304844415317723643207509,0xc7781eb0e4ab55dcecb64bba3cdb58a03d1275cfdc87ff4bbc4c20005b283681,1775931356,2026-04-11T18:15:56+00:00,0.735,clob_prices_history
50595160371163450458627399623056255966450921465584127304844415317723643207509,0xc7781eb0e4ab55dcecb64bba3cdb58a03d1275cfdc87ff4bbc4c20005b283681,1775933152,2026-04-11T18:45:52+00:00,0.695,clob_prices_history
50595160371163450458627399623056255966450921465584127304844415317723643207509,0xc7781eb0e4ab55dcecb64bba3cdb58a03d1275cfdc87ff4bbc4c20005b283681,1775934953,2026-04-11T19:15:53+00:00,0.665,clob_prices_history
50595160371163450458627399623056255966450921465584127304844415317723643207509,0xc7781eb0e4ab55dcecb64bba3cdb58a03d1275cfdc87ff4bbc4c20005b283681,1775936753,2026-04-11T19:45:53+00:00,0.635,clob_prices_history
50595160371163450458627399623056255966450921465584127304844415317723643207509,0xc7781eb0e4ab55dcecb64bba3cdb58a03d1275cfdc87ff4bbc4c20005b283681,1775940303,2026-04-11T20:45:03+00:00,0.66,clob_prices_history
50595160371163450458627399623056255966450921465584127304844415317723643207509,0xc7781eb0e4ab55dcecb64bba3cdb58a03d1275cfdc87ff4bbc4c20005b283681,1775942151,2026-04-11T21:15:51+00:00,0.67,clob_prices_history
50595160371163450458627399623056255966450921465584127304844415317723643207509,0xc7781eb0e4ab55dcecb64bba3cdb58a03d1275cfdc87ff4bbc4c20005b283681,1775943951,2026-04-11T21:45:51+00:00,0.66,clob_prices_history
50595160371163450458627399623056255966450921465584127304844415317723643207509,0xc7781eb0e4ab55dcecb64bba3cdb58a03d1275cfdc87ff4bbc4c20005b283681,1775944815,2026-04-11T22:00:15+00:00,0.665,clob_prices_history
50595160371163450458627399623056255966450921465584127304844415317723643207509,0xc7781eb0e4ab55dcecb64bba3cdb58a03d1275cfdc87ff4bbc4c20005b283681,1775945750,2026-04-11T22:15:50+00:00,0.67,clob_prices_history
50595160371163450458627399623056255966450921465584127304844415317723643207509,0xc7781eb0e4ab55dcecb64bba3cdb58a03d1275cfdc87ff4bbc4c20005b283681,1775947551,2026-04-11T22:45:51+00:00,0.67,clob_prices_history
50595160371163450458627399623056255966450921465584127304844415317723643207509,0xc7781eb0e4ab55dcecb64bba3cdb58a03d1275cfdc87ff4bbc4c20005b283681,1775949351,2026-04-11T23:15:51+00:00,0.66,clob_prices_history
50595160371163450458627399623056255966450921465584127304844415317723643207509,0xc7781eb0e4ab55dcecb64bba3cdb58a03d1275cfdc87ff4bbc4c20005b283681,1775950224,2026-04-11T23:30:24+00:00,0.68,clob_prices_history
50595160371163450458627399623056255966450921465584127304844415317723643207509,0xc7781eb0e4ab55dcecb64bba3cdb58a03d1275cfdc87ff4bbc4c20005b283681,1775951150,2026-04-11T23:45:50+00:00,0.655,clob_prices_history
50595160371163450458627399623056255966450921465584127304844415317723643207509,0xc7781eb0e4ab55dcecb64bba3cdb58a03d1275cfdc87ff4bbc4c20005b283681,1775952025,2026-04-12T00:00:25+00:00,0.665,clob_prices_history
50595160371163450458627399623056255966450921465584127304844415317723643207509,0xc7781eb0e4ab55dcecb64bba3cdb58a03d1275cfdc87ff4bbc4c20005b283681,1775952952,2026-04-12T00:15:52+00:00,0.665,clob_prices_history
50595160371163450458627399623056255966450921465584127304844415317723643207509,0xc7781eb0e4ab55dcecb64bba3cdb58a03d1275cfdc87ff4bbc4c20005b283681,1775954749,2026-04-12T00:45:49+00:00,0.665,clob_prices_history
50595160371163450458627399623056255966450921465584127304844415317723643207509,0xc7781eb0e4ab55dcecb64bba3cdb58a03d1275cfdc87ff4bbc4c20005b283681,1775958355,2026-04-12T01:45:55+00:00,0.66,clob_prices_history
50595160371163450458627399623056255966450921465584127304844415317723643207509,0xc7781eb0e4ab55dcecb64bba3cdb58a03d1275cfdc87ff4bbc4c20005b283681,1775960149,2026-04-12T02:15:49+00:00,0.66,clob_prices_history
50595160371163450458627399623056255966450921465584127304844415317723643207509,0xc7781eb0e4ab55dcecb64bba3cdb58a03d1275cfdc87ff4bbc4c20005b283681,1775961008,2026-04-12T02:30:08+00:00,0.67,clob_prices_history
50595160371163450458627399623056255966450921465584127304844415317723643207509,0xc7781eb0e4ab55dcecb64bba3cdb58a03d1275cfdc87ff4bbc4c20005b283681,1775961949,2026-04-12T02:45:49+00:00,0.665,clob_prices_history
50595160371163450458627399623056255966450921465584127304844415317723643207509,0xc7781eb0e4ab55dcecb64bba3cdb58a03d1275cfdc87ff4bbc4c20005b283681,1775963703,2026-04-12T03:15:03+00:00,0.665,clob_prices_history
50595160371163450458627399623056255966450921465584127304844415317723643207509,0xc7781eb0e4ab55dcecb64bba3cdb58a03d1275cfdc87ff4bbc4c20005b283681,1775965550,2026-04-12T03:45:50+00:00,0.65,clob_prices_history
50595160371163450458627399623056255966450921465584127304844415317723643207509,0xc7781eb0e4ab55dcecb64bba3cdb58a03d1275cfdc87ff4bbc4c20005b283681,1775967350,2026-04-12T04:15:50+00:00,0.65,clob_prices_history
50595160371163450458627399623056255966450921465584127304844415317723643207509,0xc7781eb0e4ab55dcecb64bba3cdb58a03d1275cfdc87ff4bbc4c20005b283681,1775969150,2026-04-12T04:45:50+00:00,0.65,clob_prices_history
50595160371163450458627399623056255966450921465584127304844415317723643207509,0xc7781eb0e4ab55dcecb64bba3cdb58a03d1275cfdc87ff4bbc4c20005b283681,1775970952,2026-04-12T05:15:52+00:00,0.65,clob_prices_history
50595160371163450458627399623056255966450921465584127304844415317723643207509,0xc7781eb0e4ab55dcecb64bba3cdb58a03d1275cfdc87ff4bbc4c20005b283681,1775971817,2026-04-12T05:30:17+00:00,0.65,clob_prices_history
50595160371163450458627399623056255966450921465584127304844415317723643207509,0xc7781eb0e4ab55dcecb64bba3cdb58a03d1275cfdc87ff4bbc4c20005b283681,1775972751,2026-04-12T05:45:51+00:00,0.65,clob_prices_history
50595160371163450458627399623056255966450921465584127304844415317723643207509,0xc7781eb0e4ab55dcecb64bba3cdb58a03d1275cfdc87ff4bbc4c20005b283681,1775974550,2026-04-12T06:15:50+00:00,0.65,clob_prices_history
50595160371163450458627399623056255966450921465584127304844415317723643207509,0xc7781eb0e4ab55dcecb64bba3cdb58a03d1275cfdc87ff4bbc4c20005b283681,1775976350,2026-04-12T06:45:50+00:00,0.65,clob_prices_history
50595160371163450458627399623056255966450921465584127304844415317723643207509,0xc7781eb0e4ab55dcecb64bba3cdb58a03d1275cfdc87ff4bbc4c20005b283681,1775979953,2026-04-12T07:45:53+00:00,0.65,clob_prices_history
50595160371163450458627399623056255966450921465584127304844415317723643207509,0xc7781eb0e4ab55dcecb64bba3cdb58a03d1275cfdc87ff4bbc4c20005b283681,1775981751,2026-04-12T08:15:51+00:00,0.665,clob_prices_history
50595160371163450458627399623056255966450921465584127304844415317723643207509,0xc7781eb0e4ab55dcecb64bba3cdb58a03d1275cfdc87ff4bbc4c20005b283681,1775983551,2026-04-12T08:45:51+00:00,0.65,clob_prices_history
50595160371163450458627399623056255966450921465584127304844415317723643207509,0xc7781eb0e4ab55dcecb64bba3cdb58a03d1275cfdc87ff4bbc4c20005b283681,1775985351,2026-04-12T09:15:51+00:00,0.645,clob_prices_history
50595160371163450458627399623056255966450921465584127304844415317723643207509,0xc7781eb0e4ab55dcecb64bba3cdb58a03d1275cfdc87ff4bbc4c20005b283681,1775987104,2026-04-12T09:45:04+00:00,0.655,clob_prices_history
50595160371163450458627399623056255966450921465584127304844415317723643207509,0xc7781eb0e4ab55dcecb64bba3cdb58a03d1275cfdc87ff4bbc4c20005b283681,1775988953,2026-04-12T10:15:53+00:00,0.67,clob_prices_history
50595160371163450458627399623056255966450921465584127304844415317723643207509,0xc7781eb0e4ab55dcecb64bba3cdb58a03d1275cfdc87ff4bbc4c20005b283681,1775990756,2026-04-12T10:45:56+00:00,0.665,clob_prices_history
50595160371163450458627399623056255966450921465584127304844415317723643207509,0xc7781eb0e4ab55dcecb64bba3cdb58a03d1275cfdc87ff4bbc4c20005b283681,1775994354,2026-04-12T11:45:54+00:00,0.665,clob_prices_history
50595160371163450458627399623056255966450921465584127304844415317723643207509,0xc7781eb0e4ab55dcecb64bba3cdb58a03d1275cfdc87ff4bbc4c20005b283681,1775996157,2026-04-12T12:15:57+00:00,0.665,clob_prices_history
50595160371163450458627399623056255966450921465584127304844415317723643207509,0xc7781eb0e4ab55dcecb64bba3cdb58a03d1275cfdc87ff4bbc4c20005b283681,1775997953,2026-04-12T12:45:53+00:00,0.665,clob_prices_history
50595160371163450458627399623056255966450921465584127304844415317723643207509,0xc7781eb0e4ab55dcecb64bba3cdb58a03d1275cfdc87ff4bbc4c20005b283681,1775999705,2026-04-12T13:15:05+00:00,0.665,clob_prices_history
50595160371163450458627399623056255966450921465584127304844415317723643207509,0xc7781eb0e4ab55dcecb64bba3cdb58a03d1275cfdc87ff4bbc4c20005b283681,1776001506,2026-04-12T13:45:06+00:00,0.665,clob_prices_history
50595160371163450458627399623056255966450921465584127304844415317723643207509,0xc7781eb0e4ab55dcecb64bba3cdb58a03d1275cfdc87ff4bbc4c20005b283681,1776003353,2026-04-12T14:15:53+00:00,0.665,clob_prices_history
50595160371163450458627399623056255966450921465584127304844415317723643207509,0xc7781eb0e4ab55dcecb64bba3cdb58a03d1275cfdc87ff4bbc4c20005b283681,1776005151,2026-04-12T14:45:51+00:00,0.67,clob_prices_history
50595160371163450458627399623056255966450921465584127304844415317723643207509,0xc7781eb0e4ab55dcecb64bba3cdb58a03d1275cfdc87ff4bbc4c20005b283681,1776006953,2026-04-12T15:15:53+00:00,0.67,clob_prices_history
50595160371163450458627399623056255966450921465584127304844415317723643207509,0xc7781eb0e4ab55dcecb64bba3cdb58a03d1275cfdc87ff4bbc4c20005b283681,1776008753,2026-04-12T15:45:53+00:00,0.67,clob_prices_history
50595160371163450458627399623056255966450921465584127304844415317723643207509,0xc7781eb0e4ab55dcecb64bba3cdb58a03d1275cfdc87ff4bbc4c20005b283681,1776009617,2026-04-12T16:00:17+00:00,0.67,clob_prices_history
50595160371163450458627399623056255966450921465584127304844415317723643207509,0xc7781eb0e4ab55dcecb64bba3cdb58a03d1275cfdc87ff4bbc4c20005b283681,1776012352,2026-04-12T16:45:52+00:00,0.675,clob_prices_history
50595160371163450458627399623056255966450921465584127304844415317723643207509,0xc7781eb0e4ab55dcecb64bba3cdb58a03d1275cfdc87ff4bbc4c20005b283681,1776014158,2026-04-12T17:15:58+00:00,0.675,clob_prices_history
50595160371163450458627399623056255966450921465584127304844415317723643207509,0xc7781eb0e4ab55dcecb64bba3cdb58a03d1275cfdc87ff4bbc4c20005b283681,1776017754,2026-04-12T18:15:54+00:00,0.675,clob_prices_history
50595160371163450458627399623056255966450921465584127304844415317723643207509,0xc7781eb0e4ab55dcecb64bba3cdb58a03d1275cfdc87ff4bbc4c20005b283681,1776019557,2026-04-12T18:45:57+00:00,0.675,clob_prices_history
50595160371163450458627399623056255966450921465584127304844415317723643207509,0xc7781eb0e4ab55dcecb64bba3cdb58a03d1275cfdc87ff4bbc4c20005b283681,1776021353,2026-04-12T19:15:53+00:00,0.675,clob_prices_history
50595160371163450458627399623056255966450921465584127304844415317723643207509,0xc7781eb0e4ab55dcecb64bba3cdb58a03d1275cfdc87ff4bbc4c20005b283681,1776024950,2026-04-12T20:15:50+00:00,0.675,clob_prices_history
50595160371163450458627399623056255966450921465584127304844415317723643207509,0xc7781eb0e4ab55dcecb64bba3cdb58a03d1275cfdc87ff4bbc4c20005b283681,1776028552,2026-04-12T21:15:52+00:00,0.675,clob_prices_history
50595160371163450458627399623056255966450921465584127304844415317723643207509,0xc7781eb0e4ab55dcecb64bba3cdb58a03d1275cfdc87ff4bbc4c20005b283681,1776030351,2026-04-12T21:45:51+00:00,0.675,clob_prices_history
50595160371163450458627399623056255966450921465584127304844415317723643207509,0xc7781eb0e4ab55dcecb64bba3cdb58a03d1275cfdc87ff4bbc4c20005b283681,1776032151,2026-04-12T22:15:51+00:00,0.66,clob_prices_history
50595160371163450458627399623056255966450921465584127304844415317723643207509,0xc7781eb0e4ab55dcecb64bba3cdb58a03d1275cfdc87ff4bbc4c20005b283681,1776036610,2026-04-12T23:30:10+00:00,0.675,clob_prices_history
50595160371163450458627399623056255966450921465584127304844415317723643207509,0xc7781eb0e4ab55dcecb64bba3cdb58a03d1275cfdc87ff4bbc4c20005b283681,1776037504,2026-04-12T23:45:04+00:00,0.675,clob_prices_history
50595160371163450458627399623056255966450921465584127304844415317723643207509,0xc7781eb0e4ab55dcecb64bba3cdb58a03d1275cfdc87ff4bbc4c20005b283681,1776037557,2026-04-12T23:45:57+00:00,0.675,clob_prices_history
50595160371163450458627399623056255966450921465584127304844415317723643207509,0xc7781eb0e4ab55dcecb64bba3cdb58a03d1275cfdc87ff4bbc4c20005b283681,1776041150,2026-04-13T00:45:50+00:00,0.675,clob_prices_history
50595160371163450458627399623056255966450921465584127304844415317723643207509,0xc7781eb0e4ab55dcecb64bba3cdb58a03d1275cfdc87ff4bbc4c20005b283681,1776042948,2026-04-13T01:15:48+00:00,0.675,clob_prices_history
50595160371163450458627399623056255966450921465584127304844415317723643207509,0xc7781eb0e4ab55dcecb64bba3cdb58a03d1275cfdc87ff4bbc4c20005b283681,1776044758,2026-04-13T01:45:58+00:00,0.675,clob_prices_history
50595160371163450458627399623056255966450921465584127304844415317723643207509,0xc7781eb0e4ab55dcecb64bba3cdb58a03d1275cfdc87ff4bbc4c20005b283681,1776048346,2026-04-13T02:45:46+00:00,0.675,clob_prices_history
50595160371163450458627399623056255966450921465584127304844415317723643207509,0xc7781eb0e4ab55dcecb64bba3cdb58a03d1275cfdc87ff4bbc4c20005b283681,1776050150,2026-04-13T03:15:50+00:00,0.67,clob_prices_history
50595160371163450458627399623056255966450921465584127304844415317723643207509,0xc7781eb0e4ab55dcecb64bba3cdb58a03d1275cfdc87ff4bbc4c20005b283681,1776051947,2026-04-13T03:45:47+00:00,0.67,clob_prices_history
50595160371163450458627399623056255966450921465584127304844415317723643207509,0xc7781eb0e4ab55dcecb64bba3cdb58a03d1275cfdc87ff4bbc4c20005b283681,1776052856,2026-04-13T04:00:56+00:00,0.67,clob_prices_history
50595160371163450458627399623056255966450921465584127304844415317723643207509,0xc7781eb0e4ab55dcecb64bba3cdb58a03d1275cfdc87ff4bbc4c20005b283681,1776055550,2026-04-13T04:45:50+00:00,0.67,clob_prices_history
50595160371163450458627399623056255966450921465584127304844415317723643207509,0xc7781eb0e4ab55dcecb64bba3cdb58a03d1275cfdc87ff4bbc4c20005b283681,1776057351,2026-04-13T05:15:51+00:00,0.675,clob_prices_history
50595160371163450458627399623056255966450921465584127304844415317723643207509,0xc7781eb0e4ab55dcecb64bba3cdb58a03d1275cfdc87ff4bbc4c20005b283681,1776058201,2026-04-13T05:30:01+00:00,0.67,clob_prices_history
50595160371163450458627399623056255966450921465584127304844415317723643207509,0xc7781eb0e4ab55dcecb64bba3cdb58a03d1275cfdc87ff4bbc4c20005b283681,1776059151,2026-04-13T05:45:51+00:00,0.655,clob_prices_history
50595160371163450458627399623056255966450921465584127304844415317723643207509,0xc7781eb0e4ab55dcecb64bba3cdb58a03d1275cfdc87ff4bbc4c20005b283681,1776060948,2026-04-13T06:15:48+00:00,0.67,clob_prices_history
50595160371163450458627399623056255966450921465584127304844415317723643207509,0xc7781eb0e4ab55dcecb64bba3cdb58a03d1275cfdc87ff4bbc4c20005b283681,1776064548,2026-04-13T07:15:48+00:00,0.67,clob_prices_history
50595160371163450458627399623056255966450921465584127304844415317723643207509,0xc7781eb0e4ab55dcecb64bba3cdb58a03d1275cfdc87ff4bbc4c20005b283681,1776066349,2026-04-13T07:45:49+00:00,0.66,clob_prices_history
50595160371163450458627399623056255966450921465584127304844415317723643207509,0xc7781eb0e4ab55dcecb64bba3cdb58a03d1275cfdc87ff4bbc4c20005b283681,1776068150,2026-04-13T08:15:50+00:00,0.66,clob_prices_history
50595160371163450458627399623056255966450921465584127304844415317723643207509,0xc7781eb0e4ab55dcecb64bba3cdb58a03d1275cfdc87ff4bbc4c20005b283681,1776069013,2026-04-13T08:30:13+00:00,0.67,clob_prices_history
50595160371163450458627399623056255966450921465584127304844415317723643207509,0xc7781eb0e4ab55dcecb64bba3cdb58a03d1275cfdc87ff4bbc4c20005b283681,1776071754,2026-04-13T09:15:54+00:00,0.67,clob_prices_history
50595160371163450458627399623056255966450921465584127304844415317723643207509,0xc7781eb0e4ab55dcecb64bba3cdb58a03d1275cfdc87ff4bbc4c20005b283681,1776073503,2026-04-13T09:45:03+00:00,0.66,clob_prices_history
50595160371163450458627399623056255966450921465584127304844415317723643207509,0xc7781eb0e4ab55dcecb64bba3cdb58a03d1275cfdc87ff4bbc4c20005b283681,1776075349,2026-04-13T10:15:49+00:00,0.67,clob_prices_history
50595160371163450458627399623056255966450921465584127304844415317723643207509,0xc7781eb0e4ab55dcecb64bba3cdb58a03d1275cfdc87ff4bbc4c20005b283681,1776077151,2026-04-13T10:45:51+00:00,0.67,clob_prices_history
50595160371163450458627399623056255966450921465584127304844415317723643207509,0xc7781eb0e4ab55dcecb64bba3cdb58a03d1275cfdc87ff4bbc4c20005b283681,1776078950,2026-04-13T11:15:50+00:00,0.675,clob_prices_history
50595160371163450458627399623056255966450921465584127304844415317723643207509,0xc7781eb0e4ab55dcecb64bba3cdb58a03d1275cfdc87ff4bbc4c20005b283681,1776080751,2026-04-13T11:45:51+00:00,0.675,clob_prices_history
50595160371163450458627399623056255966450921465584127304844415317723643207509,0xc7781eb0e4ab55dcecb64bba3cdb58a03d1275cfdc87ff4bbc4c20005b283681,1776081601,2026-04-13T12:00:01+00:00,0.67,clob_prices_history
50595160371163450458627399623056255966450921465584127304844415317723643207509,0xc7781eb0e4ab55dcecb64bba3cdb58a03d1275cfdc87ff4bbc4c20005b283681,1776082549,2026-04-13T12:15:49+00:00,0.66,clob_prices_history
50595160371163450458627399623056255966450921465584127304844415317723643207509,0xc7781eb0e4ab55dcecb64bba3cdb58a03d1275cfdc87ff4bbc4c20005b283681,1776083403,2026-04-13T12:30:03+00:00,0.655,clob_prices_history
50595160371163450458627399623056255966450921465584127304844415317723643207509,0xc7781eb0e4ab55dcecb64bba3cdb58a03d1275cfdc87ff4bbc4c20005b283681,1776086154,2026-04-13T13:15:54+00:00,0.665,clob_prices_history
50595160371163450458627399623056255966450921465584127304844415317723643207509,0xc7781eb0e4ab55dcecb64bba3cdb58a03d1275cfdc87ff4bbc4c20005b283681,1776087954,2026-04-13T13:45:54+00:00,0.66,clob_prices_history
50595160371163450458627399623056255966450921465584127304844415317723643207509,0xc7781eb0e4ab55dcecb64bba3cdb58a03d1275cfdc87ff4bbc4c20005b283681,1776091550,2026-04-13T14:45:50+00:00,0.67,clob_prices_history
50595160371163450458627399623056255966450921465584127304844415317723643207509,0xc7781eb0e4ab55dcecb64bba3cdb58a03d1275cfdc87ff4bbc4c20005b283681,1776096007,2026-04-13T16:00:07+00:00,0.675,clob_prices_history
50595160371163450458627399623056255966450921465584127304844415317723643207509,0xc7781eb0e4ab55dcecb64bba3cdb58a03d1275cfdc87ff4bbc4c20005b283681,1776096952,2026-04-13T16:15:52+00:00,0.68,clob_prices_history
50595160371163450458627399623056255966450921465584127304844415317723643207509,0xc7781eb0e4ab55dcecb64bba3cdb58a03d1275cfdc87ff4bbc4c20005b283681,1776100502,2026-04-13T17:15:02+00:00,0.68,clob_prices_history
50595160371163450458627399623056255966450921465584127304844415317723643207509,0xc7781eb0e4ab55dcecb64bba3cdb58a03d1275cfdc87ff4bbc4c20005b283681,1776100555,2026-04-13T17:15:55+00:00,0.68,clob_prices_history
50595160371163450458627399623056255966450921465584127304844415317723643207509,0xc7781eb0e4ab55dcecb64bba3cdb58a03d1275cfdc87ff4bbc4c20005b283681,1776102351,2026-04-13T17:45:51+00:00,0.67,clob_prices_history
50595160371163450458627399623056255966450921465584127304844415317723643207509,0xc7781eb0e4ab55dcecb64bba3cdb58a03d1275cfdc87ff4bbc4c20005b283681,1776104151,2026-04-13T18:15:51+00:00,0.675,clob_prices_history
50595160371163450458627399623056255966450921465584127304844415317723643207509,0xc7781eb0e4ab55dcecb64bba3cdb58a03d1275cfdc87ff4bbc4c20005b283681,1776107757,2026-04-13T19:15:57+00:00,0.67,clob_prices_history
50595160371163450458627399623056255966450921465584127304844415317723643207509,0xc7781eb0e4ab55dcecb64bba3cdb58a03d1275cfdc87ff4bbc4c20005b283681,1776111355,2026-04-13T20:15:55+00:00,0.68,clob_prices_history
50595160371163450458627399623056255966450921465584127304844415317723643207509,0xc7781eb0e4ab55dcecb64bba3cdb58a03d1275cfdc87ff4bbc4c20005b283681,1776113152,2026-04-13T20:45:52+00:00,0.67,clob_prices_history
50595160371163450458627399623056255966450921465584127304844415317723643207509,0xc7781eb0e4ab55dcecb64bba3cdb58a03d1275cfdc87ff4bbc4c20005b283681,1776114951,2026-04-13T21:15:51+00:00,0.68,clob_prices_history
50595160371163450458627399623056255966450921465584127304844415317723643207509,0xc7781eb0e4ab55dcecb64bba3cdb58a03d1275cfdc87ff4bbc4c20005b283681,1776115803,2026-04-13T21:30:03+00:00,0.67,clob_prices_history
50595160371163450458627399623056255966450921465584127304844415317723643207509,0xc7781eb0e4ab55dcecb64bba3cdb58a03d1275cfdc87ff4bbc4c20005b283681,1776116752,2026-04-13T21:45:52+00:00,0.675,clob_prices_history
50595160371163450458627399623056255966450921465584127304844415317723643207509,0xc7781eb0e4ab55dcecb64bba3cdb58a03d1275cfdc87ff4bbc4c20005b283681,1776117605,2026-04-13T22:00:05+00:00,0.67,clob_prices_history
50595160371163450458627399623056255966450921465584127304844415317723643207509,0xc7781eb0e4ab55dcecb64bba3cdb58a03d1275cfdc87ff4bbc4c20005b283681,1776118553,2026-04-13T22:15:53+00:00,0.665,clob_prices_history
50595160371163450458627399623056255966450921465584127304844415317723643207509,0xc7781eb0e4ab55dcecb64bba3cdb58a03d1275cfdc87ff4bbc4c20005b283681,1776123953,2026-04-13T23:45:53+00:00,0.675,clob_prices_history
50595160371163450458627399623056255966450921465584127304844415317723643207509,0xc7781eb0e4ab55dcecb64bba3cdb58a03d1275cfdc87ff4bbc4c20005b283681,1776125752,2026-04-14T00:15:52+00:00,0.675,clob_prices_history
50595160371163450458627399623056255966450921465584127304844415317723643207509,0xc7781eb0e4ab55dcecb64bba3cdb58a03d1275cfdc87ff4bbc4c20005b283681,1776127551,2026-04-14T00:45:51+00:00,0.675,clob_prices_history
50595160371163450458627399623056255966450921465584127304844415317723643207509,0xc7781eb0e4ab55dcecb64bba3cdb58a03d1275cfdc87ff4bbc4c20005b283681,1776129303,2026-04-14T01:15:03+00:00,0.67,clob_prices_history
50595160371163450458627399623056255966450921465584127304844415317723643207509,0xc7781eb0e4ab55dcecb64bba3cdb58a03d1275cfdc87ff4bbc4c20005b283681,1776129356,2026-04-14T01:15:56+00:00,0.67,clob_prices_history
50595160371163450458627399623056255966450921465584127304844415317723643207509,0xc7781eb0e4ab55dcecb64bba3cdb58a03d1275cfdc87ff4bbc4c20005b283681,1776130208,2026-04-14T01:30:08+00:00,0.675,clob_prices_history
50595160371163450458627399623056255966450921465584127304844415317723643207509,0xc7781eb0e4ab55dcecb64bba3cdb58a03d1275cfdc87ff4bbc4c20005b283681,1776131111,2026-04-14T01:45:11+00:00,0.665,clob_prices_history
50595160371163450458627399623056255966450921465584127304844415317723643207509,0xc7781eb0e4ab55dcecb64bba3cdb58a03d1275cfdc87ff4bbc4c20005b283681,1776132953,2026-04-14T02:15:53+00:00,0.56,clob_prices_history
50595160371163450458627399623056255966450921465584127304844415317723643207509,0xc7781eb0e4ab55dcecb64bba3cdb58a03d1275cfdc87ff4bbc4c20005b283681,1776134751,2026-04-14T02:45:51+00:00,0.555,clob_prices_history
50595160371163450458627399623056255966450921465584127304844415317723643207509,0xc7781eb0e4ab55dcecb64bba3cdb58a03d1275cfdc87ff4bbc4c20005b283681,1776136550,2026-04-14T03:15:50+00:00,0.58,clob_prices_history
50595160371163450458627399623056255966450921465584127304844415317723643207509,0xc7781eb0e4ab55dcecb64bba3cdb58a03d1275cfdc87ff4bbc4c20005b283681,1776137412,2026-04-14T03:30:12+00:00,0.56,clob_prices_history
50595160371163450458627399623056255966450921465584127304844415317723643207509,0xc7781eb0e4ab55dcecb64bba3cdb58a03d1275cfdc87ff4bbc4c20005b283681,1776138350,2026-04-14T03:45:50+00:00,0.56,clob_prices_history
50595160371163450458627399623056255966450921465584127304844415317723643207509,0xc7781eb0e4ab55dcecb64bba3cdb58a03d1275cfdc87ff4bbc4c20005b283681,1776140150,2026-04-14T04:15:50+00:00,0.56,clob_prices_history
50595160371163450458627399623056255966450921465584127304844415317723643207509,0xc7781eb0e4ab55dcecb64bba3cdb58a03d1275cfdc87ff4bbc4c20005b283681,1776141008,2026-04-14T04:30:08+00:00,0.57,clob_prices_history
50595160371163450458627399623056255966450921465584127304844415317723643207509,0xc7781eb0e4ab55dcecb64bba3cdb58a03d1275cfdc87ff4bbc4c20005b283681,1776141903,2026-04-14T04:45:03+00:00,0.555,clob_prices_history
50595160371163450458627399623056255966450921465584127304844415317723643207509,0xc7781eb0e4ab55dcecb64bba3cdb58a03d1275cfdc87ff4bbc4c20005b283681,1776145552,2026-04-14T05:45:52+00:00,0.54,clob_prices_history
50595160371163450458627399623056255966450921465584127304844415317723643207509,0xc7781eb0e4ab55dcecb64bba3cdb58a03d1275cfdc87ff4bbc4c20005b283681,1776147303,2026-04-14T06:15:03+00:00,0.55,clob_prices_history
50595160371163450458627399623056255966450921465584127304844415317723643207509,0xc7781eb0e4ab55dcecb64bba3cdb58a03d1275cfdc87ff4bbc4c20005b283681,1776147359,2026-04-14T06:15:59+00:00,0.545,clob_prices_history
50595160371163450458627399623056255966450921465584127304844415317723643207509,0xc7781eb0e4ab55dcecb64bba3cdb58a03d1275cfdc87ff4bbc4c20005b283681,1776149150,2026-04-14T06:45:50+00:00,0.54,clob_prices_history
50595160371163450458627399623056255966450921465584127304844415317723643207509,0xc7781eb0e4ab55dcecb64bba3cdb58a03d1275cfdc87ff4bbc4c20005b283681,1776150950,2026-04-14T07:15:50+00:00,0.555,clob_prices_history
50595160371163450458627399623056255966450921465584127304844415317723643207509,0xc7781eb0e4ab55dcecb64bba3cdb58a03d1275cfdc87ff4bbc4c20005b283681,1776152750,2026-04-14T07:45:50+00:00,0.545,clob_prices_history
50595160371163450458627399623056255966450921465584127304844415317723643207509,0xc7781eb0e4ab55dcecb64bba3cdb58a03d1275cfdc87ff4bbc4c20005b283681,1776154550,2026-04-14T08:15:50+00:00,0.54,clob_prices_history
50595160371163450458627399623056255966450921465584127304844415317723643207509,0xc7781eb0e4ab55dcecb64bba3cdb58a03d1275cfdc87ff4bbc4c20005b283681,1776156350,2026-04-14T08:45:50+00:00,0.57,clob_prices_history
50595160371163450458627399623056255966450921465584127304844415317723643207509,0xc7781eb0e4ab55dcecb64bba3cdb58a03d1275cfdc87ff4bbc4c20005b283681,1776159047,2026-04-14T09:30:47+00:00,0.575,clob_prices_history
50595160371163450458627399623056255966450921465584127304844415317723643207509,0xc7781eb0e4ab55dcecb64bba3cdb58a03d1275cfdc87ff4bbc4c20005b283681,1776159951,2026-04-14T09:45:51+00:00,0.545,clob_prices_history
50595160371163450458627399623056255966450921465584127304844415317723643207509,0xc7781eb0e4ab55dcecb64bba3cdb58a03d1275cfdc87ff4bbc4c20005b283681,1776161750,2026-04-14T10:15:50+00:00,0.545,clob_prices_history
50595160371163450458627399623056255966450921465584127304844415317723643207509,0xc7781eb0e4ab55dcecb64bba3cdb58a03d1275cfdc87ff4bbc4c20005b283681,1776165355,2026-04-14T11:15:55+00:00,0.565,clob_prices_history
50595160371163450458627399623056255966450921465584127304844415317723643207509,0xc7781eb0e4ab55dcecb64bba3cdb58a03d1275cfdc87ff4bbc4c20005b283681,1776167151,2026-04-14T11:45:51+00:00,0.57,clob_prices_history
50595160371163450458627399623056255966450921465584127304844415317723643207509,0xc7781eb0e4ab55dcecb64bba3cdb58a03d1275cfdc87ff4bbc4c20005b283681,1776168950,2026-04-14T12:15:50+00:00,0.57,clob_prices_history
50595160371163450458627399623056255966450921465584127304844415317723643207509,0xc7781eb0e4ab55dcecb64bba3cdb58a03d1275cfdc87ff4bbc4c20005b283681,1776172501,2026-04-14T13:15:01+00:00,0.55,clob_prices_history
50595160371163450458627399623056255966450921465584127304844415317723643207509,0xc7781eb0e4ab55dcecb64bba3cdb58a03d1275cfdc87ff4bbc4c20005b283681,1776174357,2026-04-14T13:45:57+00:00,0.565,clob_prices_history
50595160371163450458627399623056255966450921465584127304844415317723643207509,0xc7781eb0e4ab55dcecb64bba3cdb58a03d1275cfdc87ff4bbc4c20005b283681,1776176155,2026-04-14T14:15:55+00:00,0.565,clob_prices_history
50595160371163450458627399623056255966450921465584127304844415317723643207509,0xc7781eb0e4ab55dcecb64bba3cdb58a03d1275cfdc87ff4bbc4c20005b283681,1776179758,2026-04-14T15:15:58+00:00,0.36,clob_prices_history
50595160371163450458627399623056255966450921465584127304844415317723643207509,0xc7781eb0e4ab55dcecb64bba3cdb58a03d1275cfdc87ff4bbc4c20005b283681,1776181550,2026-04-14T15:45:50+00:00,0.335,clob_prices_history
50595160371163450458627399623056255966450921465584127304844415317723643207509,0xc7781eb0e4ab55dcecb64bba3cdb58a03d1275cfdc87ff4bbc4c20005b283681,1776183352,2026-04-14T16:15:52+00:00,0.4,clob_prices_history
50595160371163450458627399623056255966450921465584127304844415317723643207509,0xc7781eb0e4ab55dcecb64bba3cdb58a03d1275cfdc87ff4bbc4c20005b283681,1776185152,2026-04-14T16:45:52+00:00,0.38,clob_prices_history
50595160371163450458627399623056255966450921465584127304844415317723643207509,0xc7781eb0e4ab55dcecb64bba3cdb58a03d1275cfdc87ff4bbc4c20005b283681,1776186953,2026-04-14T17:15:53+00:00,0.415,clob_prices_history
50595160371163450458627399623056255966450921465584127304844415317723643207509,0xc7781eb0e4ab55dcecb64bba3cdb58a03d1275cfdc87ff4bbc4c20005b283681,1776189628,2026-04-14T18:00:28+00:00,0.38,clob_prices_history
50595160371163450458627399623056255966450921465584127304844415317723643207509,0xc7781eb0e4ab55dcecb64bba3cdb58a03d1275cfdc87ff4bbc4c20005b283681,1776190554,2026-04-14T18:15:54+00:00,0.35,clob_prices_history
50595160371163450458627399623056255966450921465584127304844415317723643207509,0xc7781eb0e4ab55dcecb64bba3cdb58a03d1275cfdc87ff4bbc4c20005b283681,1776192306,2026-04-14T18:45:06+00:00,0.36,clob_prices_history
50595160371163450458627399623056255966450921465584127304844415317723643207509,0xc7781eb0e4ab55dcecb64bba3cdb58a03d1275cfdc87ff4bbc4c20005b283681,1776195951,2026-04-14T19:45:51+00:00,0.41,clob_prices_history
50595160371163450458627399623056255966450921465584127304844415317723643207509,0xc7781eb0e4ab55dcecb64bba3cdb58a03d1275cfdc87ff4bbc4c20005b283681,1776197707,2026-04-14T20:15:07+00:00,0.435,clob_prices_history
50595160371163450458627399623056255966450921465584127304844415317723643207509,0xc7781eb0e4ab55dcecb64bba3cdb58a03d1275cfdc87ff4bbc4c20005b283681,1776199554,2026-04-14T20:45:54+00:00,0.345,clob_prices_history
50595160371163450458627399623056255966450921465584127304844415317723643207509,0xc7781eb0e4ab55dcecb64bba3cdb58a03d1275cfdc87ff4bbc4c20005b283681,1776201356,2026-04-14T21:15:56+00:00,0.375,clob_prices_history
50595160371163450458627399623056255966450921465584127304844415317723643207509,0xc7781eb0e4ab55dcecb64bba3cdb58a03d1275cfdc87ff4bbc4c20005b283681,1776203153,2026-04-14T21:45:53+00:00,0.37,clob_prices_history
50595160371163450458627399623056255966450921465584127304844415317723643207509,0xc7781eb0e4ab55dcecb64bba3cdb58a03d1275cfdc87ff4bbc4c20005b283681,1776204952,2026-04-14T22:15:52+00:00,0.395,clob_prices_history
50595160371163450458627399623056255966450921465584127304844415317723643207509,0xc7781eb0e4ab55dcecb64bba3cdb58a03d1275cfdc87ff4bbc4c20005b283681,1776206758,2026-04-14T22:45:58+00:00,0.355,clob_prices_history
50595160371163450458627399623056255966450921465584127304844415317723643207509,0xc7781eb0e4ab55dcecb64bba3cdb58a03d1275cfdc87ff4bbc4c20005b283681,1776208554,2026-04-14T23:15:54+00:00,0.375,clob_prices_history
50595160371163450458627399623056255966450921465584127304844415317723643207509,0xc7781eb0e4ab55dcecb64bba3cdb58a03d1275cfdc87ff4bbc4c20005b283681,1776210303,2026-04-14T23:45:03+00:00,0.405,clob_prices_history
50595160371163450458627399623056255966450921465584127304844415317723643207509,0xc7781eb0e4ab55dcecb64bba3cdb58a03d1275cfdc87ff4bbc4c20005b283681,1776210359,2026-04-14T23:45:59+00:00,0.4,clob_prices_history
50595160371163450458627399623056255966450921465584127304844415317723643207509,0xc7781eb0e4ab55dcecb64bba3cdb58a03d1275cfdc87ff4bbc4c20005b283681,1776212152,2026-04-15T00:15:52+00:00,0.4,clob_prices_history
50595160371163450458627399623056255966450921465584127304844415317723643207509,0xc7781eb0e4ab55dcecb64bba3cdb58a03d1275cfdc87ff4bbc4c20005b283681,1776213952,2026-04-15T00:45:52+00:00,0.4,clob_prices_history
50595160371163450458627399623056255966450921465584127304844415317723643207509,0xc7781eb0e4ab55dcecb64bba3cdb58a03d1275cfdc87ff4bbc4c20005b283681,1776215754,2026-04-15T01:15:54+00:00,0.42,clob_prices_history
50595160371163450458627399623056255966450921465584127304844415317723643207509,0xc7781eb0e4ab55dcecb64bba3cdb58a03d1275cfdc87ff4bbc4c20005b283681,1776217502,2026-04-15T01:45:02+00:00,0.355,clob_prices_history
50595160371163450458627399623056255966450921465584127304844415317723643207509,0xc7781eb0e4ab55dcecb64bba3cdb58a03d1275cfdc87ff4bbc4c20005b283681,1776217556,2026-04-15T01:45:56+00:00,0.355,clob_prices_history
50595160371163450458627399623056255966450921465584127304844415317723643207509,0xc7781eb0e4ab55dcecb64bba3cdb58a03d1275cfdc87ff4bbc4c20005b283681,1776219353,2026-04-15T02:15:53+00:00,0.37,clob_prices_history
50595160371163450458627399623056255966450921465584127304844415317723643207509,0xc7781eb0e4ab55dcecb64bba3cdb58a03d1275cfdc87ff4bbc4c20005b283681,1776221151,2026-04-15T02:45:51+00:00,0.37,clob_prices_history
50595160371163450458627399623056255966450921465584127304844415317723643207509,0xc7781eb0e4ab55dcecb64bba3cdb58a03d1275cfdc87ff4bbc4c20005b283681,1776222952,2026-04-15T03:15:52+00:00,0.365,clob_prices_history
50595160371163450458627399623056255966450921465584127304844415317723643207509,0xc7781eb0e4ab55dcecb64bba3cdb58a03d1275cfdc87ff4bbc4c20005b283681,1776226552,2026-04-15T04:15:52+00:00,0.345,clob_prices_history
50595160371163450458627399623056255966450921465584127304844415317723643207509,0xc7781eb0e4ab55dcecb64bba3cdb58a03d1275cfdc87ff4bbc4c20005b283681,1776228354,2026-04-15T04:45:54+00:00,0.36,clob_prices_history
50595160371163450458627399623056255966450921465584127304844415317723643207509,0xc7781eb0e4ab55dcecb64bba3cdb58a03d1275cfdc87ff4bbc4c20005b283681,1776230106,2026-04-15T05:15:06+00:00,0.295,clob_prices_history
50595160371163450458627399623056255966450921465584127304844415317723643207509,0xc7781eb0e4ab55dcecb64bba3cdb58a03d1275cfdc87ff4bbc4c20005b283681,1776231954,2026-04-15T05:45:54+00:00,0.33,clob_prices_history
50595160371163450458627399623056255966450921465584127304844415317723643207509,0xc7781eb0e4ab55dcecb64bba3cdb58a03d1275cfdc87ff4bbc4c20005b283681,1776235553,2026-04-15T06:45:53+00:00,0.3,clob_prices_history
50595160371163450458627399623056255966450921465584127304844415317723643207509,0xc7781eb0e4ab55dcecb64bba3cdb58a03d1275cfdc87ff4bbc4c20005b283681,1776237355,2026-04-15T07:15:55+00:00,0.34,clob_prices_history
50595160371163450458627399623056255966450921465584127304844415317723643207509,0xc7781eb0e4ab55dcecb64bba3cdb58a03d1275cfdc87ff4bbc4c20005b283681,1776239151,2026-04-15T07:45:51+00:00,0.29,clob_prices_history
50595160371163450458627399623056255966450921465584127304844415317723643207509,0xc7781eb0e4ab55dcecb64bba3cdb58a03d1275cfdc87ff4bbc4c20005b283681,1776240952,2026-04-15T08:15:52+00:00,0.34,clob_prices_history
50595160371163450458627399623056255966450921465584127304844415317723643207509,0xc7781eb0e4ab55dcecb64bba3cdb58a03d1275cfdc87ff4bbc4c20005b283681,1776242754,2026-04-15T08:45:54+00:00,0.295,clob_prices_history
50595160371163450458627399623056255966450921465584127304844415317723643207509,0xc7781eb0e4ab55dcecb64bba3cdb58a03d1275cfdc87ff4bbc4c20005b283681,1776244553,2026-04-15T09:15:53+00:00,0.32,clob_prices_history
50595160371163450458627399623056255966450921465584127304844415317723643207509,0xc7781eb0e4ab55dcecb64bba3cdb58a03d1275cfdc87ff4bbc4c20005b283681,1776246313,2026-04-15T09:45:13+00:00,0.34,clob_prices_history
50595160371163450458627399623056255966450921465584127304844415317723643207509,0xc7781eb0e4ab55dcecb64bba3cdb58a03d1275cfdc87ff4bbc4c20005b283681,1776248103,2026-04-15T10:15:03+00:00,0.34,clob_prices_history
50595160371163450458627399623056255966450921465584127304844415317723643207509,0xc7781eb0e4ab55dcecb64bba3cdb58a03d1275cfdc87ff4bbc4c20005b283681,1776248157,2026-04-15T10:15:57+00:00,0.34,clob_prices_history
50595160371163450458627399623056255966450921465584127304844415317723643207509,0xc7781eb0e4ab55dcecb64bba3cdb58a03d1275cfdc87ff4bbc4c20005b283681,1776249953,2026-04-15T10:45:53+00:00,0.34,clob_prices_history
50595160371163450458627399623056255966450921465584127304844415317723643207509,0xc7781eb0e4ab55dcecb64bba3cdb58a03d1275cfdc87ff4bbc4c20005b283681,1776251750,2026-04-15T11:15:50+00:00,0.325,clob_prices_history
50595160371163450458627399623056255966450921465584127304844415317723643207509,0xc7781eb0e4ab55dcecb64bba3cdb58a03d1275cfdc87ff4bbc4c20005b283681,1776253551,2026-04-15T11:45:51+00:00,0.345,clob_prices_history
50595160371163450458627399623056255966450921465584127304844415317723643207509,0xc7781eb0e4ab55dcecb64bba3cdb58a03d1275cfdc87ff4bbc4c20005b283681,1776255352,2026-04-15T12:15:52+00:00,0.365,clob_prices_history
50595160371163450458627399623056255966450921465584127304844415317723643207509,0xc7781eb0e4ab55dcecb64bba3cdb58a03d1275cfdc87ff4bbc4c20005b283681,1776257151,2026-04-15T12:45:51+00:00,0.37,clob_prices_history
50595160371163450458627399623056255966450921465584127304844415317723643207509,0xc7781eb0e4ab55dcecb64bba3cdb58a03d1275cfdc87ff4bbc4c20005b283681,1776258015,2026-04-15T13:00:15+00:00,0.36,clob_prices_history
50595160371163450458627399623056255966450921465584127304844415317723643207509,0xc7781eb0e4ab55dcecb64bba3cdb58a03d1275cfdc87ff4bbc4c20005b283681,1776258951,2026-04-15T13:15:51+00:00,0.37,clob_prices_history
50595160371163450458627399623056255966450921465584127304844415317723643207509,0xc7781eb0e4ab55dcecb64bba3cdb58a03d1275cfdc87ff4bbc4c20005b283681,1776259802,2026-04-15T13:30:02+00:00,0.365,clob_prices_history
50595160371163450458627399623056255966450921465584127304844415317723643207509,0xc7781eb0e4ab55dcecb64bba3cdb58a03d1275cfdc87ff4bbc4c20005b283681,1776260755,2026-04-15T13:45:55+00:00,0.36,clob_prices_history
50595160371163450458627399623056255966450921465584127304844415317723643207509,0xc7781eb0e4ab55dcecb64bba3cdb58a03d1275cfdc87ff4bbc4c20005b283681,1776262551,2026-04-15T14:15:51+00:00,0.355,clob_prices_history
50595160371163450458627399623056255966450921465584127304844415317723643207509,0xc7781eb0e4ab55dcecb64bba3cdb58a03d1275cfdc87ff4bbc4c20005b283681,1776264351,2026-04-15T14:45:51+00:00,0.33,clob_prices_history
50595160371163450458627399623056255966450921465584127304844415317723643207509,0xc7781eb0e4ab55dcecb64bba3cdb58a03d1275cfdc87ff4bbc4c20005b283681,1776266151,2026-04-15T15:15:51+00:00,0.42,clob_prices_history
50595160371163450458627399623056255966450921465584127304844415317723643207509,0xc7781eb0e4ab55dcecb64bba3cdb58a03d1275cfdc87ff4bbc4c20005b283681,1776267951,2026-04-15T15:45:51+00:00,0.415,clob_prices_history
50595160371163450458627399623056255966450921465584127304844415317723643207509,0xc7781eb0e4ab55dcecb64bba3cdb58a03d1275cfdc87ff4bbc4c20005b283681,1776269753,2026-04-15T16:15:53+00:00,0.41,clob_prices_history
50595160371163450458627399623056255966450921465584127304844415317723643207509,0xc7781eb0e4ab55dcecb64bba3cdb58a03d1275cfdc87ff4bbc4c20005b283681,1776271551,2026-04-15T16:45:51+00:00,0.415,clob_prices_history
50595160371163450458627399623056255966450921465584127304844415317723643207509,0xc7781eb0e4ab55dcecb64bba3cdb58a03d1275cfdc87ff4bbc4c20005b283681,1776273357,2026-04-15T17:15:57+00:00,0.415,clob_prices_history
50595160371163450458627399623056255966450921465584127304844415317723643207509,0xc7781eb0e4ab55dcecb64bba3cdb58a03d1275cfdc87ff4bbc4c20005b283681,1776275151,2026-04-15T17:45:51+00:00,0.42,clob_prices_history
50595160371163450458627399623056255966450921465584127304844415317723643207509,0xc7781eb0e4ab55dcecb64bba3cdb58a03d1275cfdc87ff4bbc4c20005b283681,1776278750,2026-04-15T18:45:50+00:00,0.415,clob_prices_history
50595160371163450458627399623056255966450921465584127304844415317723643207509,0xc7781eb0e4ab55dcecb64bba3cdb58a03d1275cfdc87ff4bbc4c20005b283681,1776279612,2026-04-15T19:00:12+00:00,0.41,clob_prices_history
50595160371163450458627399623056255966450921465584127304844415317723643207509,0xc7781eb0e4ab55dcecb64bba3cdb58a03d1275cfdc87ff4bbc4c20005b283681,1776280549,2026-04-15T19:15:49+00:00,0.415,clob_prices_history
50595160371163450458627399623056255966450921465584127304844415317723643207509,0xc7781eb0e4ab55dcecb64bba3cdb58a03d1275cfdc87ff4bbc4c20005b283681,1776282351,2026-04-15T19:45:51+00:00,0.42,clob_prices_history
50595160371163450458627399623056255966450921465584127304844415317723643207509,0xc7781eb0e4ab55dcecb64bba3cdb58a03d1275cfdc87ff4bbc4c20005b283681,1776284151,2026-04-15T20:15:51+00:00,0.415,clob_prices_history
50595160371163450458627399623056255966450921465584127304844415317723643207509,0xc7781eb0e4ab55dcecb64bba3cdb58a03d1275cfdc87ff4bbc4c20005b283681,1776286849,2026-04-15T21:00:49+00:00,0.415,clob_prices_history
50595160371163450458627399623056255966450921465584127304844415317723643207509,0xc7781eb0e4ab55dcecb64bba3cdb58a03d1275cfdc87ff4bbc4c20005b283681,1776287752,2026-04-15T21:15:52+00:00,0.42,clob_prices_history
50595160371163450458627399623056255966450921465584127304844415317723643207509,0xc7781eb0e4ab55dcecb64bba3cdb58a03d1275cfdc87ff4bbc4c20005b283681,1776289553,2026-04-15T21:45:53+00:00,0.42,clob_prices_history
50595160371163450458627399623056255966450921465584127304844415317723643207509,0xc7781eb0e4ab55dcecb64bba3cdb58a03d1275cfdc87ff4bbc4c20005b283681,1776293153,2026-04-15T22:45:53+00:00,0.42,clob_prices_history
50595160371163450458627399623056255966450921465584127304844415317723643207509,0xc7781eb0e4ab55dcecb64bba3cdb58a03d1275cfdc87ff4bbc4c20005b283681,1776294957,2026-04-15T23:15:57+00:00,0.42,clob_prices_history
50595160371163450458627399623056255966450921465584127304844415317723643207509,0xc7781eb0e4ab55dcecb64bba3cdb58a03d1275cfdc87ff4bbc4c20005b283681,1776296754,2026-04-15T23:45:54+00:00,0.455,clob_prices_history
50595160371163450458627399623056255966450921465584127304844415317723643207509,0xc7781eb0e4ab55dcecb64bba3cdb58a03d1275cfdc87ff4bbc4c20005b283681,1776298553,2026-04-16T00:15:53+00:00,0.455,clob_prices_history
50595160371163450458627399623056255966450921465584127304844415317723643207509,0xc7781eb0e4ab55dcecb64bba3cdb58a03d1275cfdc87ff4bbc4c20005b283681,1776300356,2026-04-16T00:45:56+00:00,0.46,clob_prices_history
50595160371163450458627399623056255966450921465584127304844415317723643207509,0xc7781eb0e4ab55dcecb64bba3cdb58a03d1275cfdc87ff4bbc4c20005b283681,1776305751,2026-04-16T02:15:51+00:00,0.46,clob_prices_history
50595160371163450458627399623056255966450921465584127304844415317723643207509,0xc7781eb0e4ab55dcecb64bba3cdb58a03d1275cfdc87ff4bbc4c20005b283681,1776307501,2026-04-16T02:45:01+00:00,0.46,clob_prices_history
50595160371163450458627399623056255966450921465584127304844415317723643207509,0xc7781eb0e4ab55dcecb64bba3cdb58a03d1275cfdc87ff4bbc4c20005b283681,1776309358,2026-04-16T03:15:58+00:00,0.455,clob_prices_history
50595160371163450458627399623056255966450921465584127304844415317723643207509,0xc7781eb0e4ab55dcecb64bba3cdb58a03d1275cfdc87ff4bbc4c20005b283681,1776311155,2026-04-16T03:45:55+00:00,0.455,clob_prices_history
50595160371163450458627399623056255966450921465584127304844415317723643207509,0xc7781eb0e4ab55dcecb64bba3cdb58a03d1275cfdc87ff4bbc4c20005b283681,1776312955,2026-04-16T04:15:55+00:00,0.455,clob_prices_history
50595160371163450458627399623056255966450921465584127304844415317723643207509,0xc7781eb0e4ab55dcecb64bba3cdb58a03d1275cfdc87ff4bbc4c20005b283681,1776314709,2026-04-16T04:45:09+00:00,0.46,clob_prices_history
50595160371163450458627399623056255966450921465584127304844415317723643207509,0xc7781eb0e4ab55dcecb64bba3cdb58a03d1275cfdc87ff4bbc4c20005b283681,1776318353,2026-04-16T05:45:53+00:00,0.455,clob_prices_history
50595160371163450458627399623056255966450921465584127304844415317723643207509,0xc7781eb0e4ab55dcecb64bba3cdb58a03d1275cfdc87ff4bbc4c20005b283681,1776319206,2026-04-16T06:00:06+00:00,0.455,clob_prices_history
50595160371163450458627399623056255966450921465584127304844415317723643207509,0xc7781eb0e4ab55dcecb64bba3cdb58a03d1275cfdc87ff4bbc4c20005b283681,1776320154,2026-04-16T06:15:54+00:00,0.455,clob_prices_history
50595160371163450458627399623056255966450921465584127304844415317723643207509,0xc7781eb0e4ab55dcecb64bba3cdb58a03d1275cfdc87ff4bbc4c20005b283681,1776321954,2026-04-16T06:45:54+00:00,0.44,clob_prices_history
50595160371163450458627399623056255966450921465584127304844415317723643207509,0xc7781eb0e4ab55dcecb64bba3cdb58a03d1275cfdc87ff4bbc4c20005b283681,1776323751,2026-04-16T07:15:51+00:00,0.445,clob_prices_history
50595160371163450458627399623056255966450921465584127304844415317723643207509,0xc7781eb0e4ab55dcecb64bba3cdb58a03d1275cfdc87ff4bbc4c20005b283681,1776327350,2026-04-16T08:15:50+00:00,0.445,clob_prices_history
50595160371163450458627399623056255966450921465584127304844415317723643207509,0xc7781eb0e4ab55dcecb64bba3cdb58a03d1275cfdc87ff4bbc4c20005b283681,1776328207,2026-04-16T08:30:07+00:00,0.45,clob_prices_history
50595160371163450458627399623056255966450921465584127304844415317723643207509,0xc7781eb0e4ab55dcecb64bba3cdb58a03d1275cfdc87ff4bbc4c20005b283681,1776329154,2026-04-16T08:45:54+00:00,0.445,clob_prices_history
50595160371163450458627399623056255966450921465584127304844415317723643207509,0xc7781eb0e4ab55dcecb64bba3cdb58a03d1275cfdc87ff4bbc4c20005b283681,1776330902,2026-04-16T09:15:02+00:00,0.445,clob_prices_history
50595160371163450458627399623056255966450921465584127304844415317723643207509,0xc7781eb0e4ab55dcecb64bba3cdb58a03d1275cfdc87ff4bbc4c20005b283681,1776330959,2026-04-16T09:15:59+00:00,0.445,clob_prices_history
50595160371163450458627399623056255966450921465584127304844415317723643207509,0xc7781eb0e4ab55dcecb64bba3cdb58a03d1275cfdc87ff4bbc4c20005b283681,1776332753,2026-04-16T09:45:53+00:00,0.405,clob_prices_history
50595160371163450458627399623056255966450921465584127304844415317723643207509,0xc7781eb0e4ab55dcecb64bba3cdb58a03d1275cfdc87ff4bbc4c20005b283681,1776334550,2026-04-16T10:15:50+00:00,0.405,clob_prices_history
50595160371163450458627399623056255966450921465584127304844415317723643207509,0xc7781eb0e4ab55dcecb64bba3cdb58a03d1275cfdc87ff4bbc4c20005b283681,1776338159,2026-04-16T11:15:59+00:00,0.405,clob_prices_history
50595160371163450458627399623056255966450921465584127304844415317723643207509,0xc7781eb0e4ab55dcecb64bba3cdb58a03d1275cfdc87ff4bbc4c20005b283681,1776339007,2026-04-16T11:30:07+00:00,0.235,clob_prices_history
50595160371163450458627399623056255966450921465584127304844415317723643207509,0xc7781eb0e4ab55dcecb64bba3cdb58a03d1275cfdc87ff4bbc4c20005b283681,1776339906,2026-04-16T11:45:06+00:00,0.215,clob_prices_history
50595160371163450458627399623056255966450921465584127304844415317723643207509,0xc7781eb0e4ab55dcecb64bba3cdb58a03d1275cfdc87ff4bbc4c20005b283681,1776341752,2026-04-16T12:15:52+00:00,0.23,clob_prices_history
50595160371163450458627399623056255966450921465584127304844415317723643207509,0xc7781eb0e4ab55dcecb64bba3cdb58a03d1275cfdc87ff4bbc4c20005b283681,1776343556,2026-04-16T12:45:56+00:00,0.3,clob_prices_history
50595160371163450458627399623056255966450921465584127304844415317723643207509,0xc7781eb0e4ab55dcecb64bba3cdb58a03d1275cfdc87ff4bbc4c20005b283681,1776346200,2026-04-16T13:30:00+00:00,0.325,clob_prices_history
50595160371163450458627399623056255966450921465584127304844415317723643207509,0xc7781eb0e4ab55dcecb64bba3cdb58a03d1275cfdc87ff4bbc4c20005b283681,1776347159,2026-04-16T13:45:59+00:00,0.33,clob_prices_history
50595160371163450458627399623056255966450921465584127304844415317723643207509,0xc7781eb0e4ab55dcecb64bba3cdb58a03d1275cfdc87ff4bbc4c20005b283681,1776348901,2026-04-16T14:15:01+00:00,0.295,clob_prices_history
50595160371163450458627399623056255966450921465584127304844415317723643207509,0xc7781eb0e4ab55dcecb64bba3cdb58a03d1275cfdc87ff4bbc4c20005b283681,1776352505,2026-04-16T15:15:05+00:00,0.335,clob_prices_history
50595160371163450458627399623056255966450921465584127304844415317723643207509,0xc7781eb0e4ab55dcecb64bba3cdb58a03d1275cfdc87ff4bbc4c20005b283681,1776354348,2026-04-16T15:45:48+00:00,0.27,clob_prices_history
50595160371163450458627399623056255966450921465584127304844415317723643207509,0xc7781eb0e4ab55dcecb64bba3cdb58a03d1275cfdc87ff4bbc4c20005b283681,1776356149,2026-04-16T16:15:49+00:00,0.335,clob_prices_history
50595160371163450458627399623056255966450921465584127304844415317723643207509,0xc7781eb0e4ab55dcecb64bba3cdb58a03d1275cfdc87ff4bbc4c20005b283681,1776359713,2026-04-16T17:15:13+00:00,0.275,clob_prices_history
50595160371163450458627399623056255966450921465584127304844415317723643207509,0xc7781eb0e4ab55dcecb64bba3cdb58a03d1275cfdc87ff4bbc4c20005b283681,1776361555,2026-04-16T17:45:55+00:00,0.285,clob_prices_history
50595160371163450458627399623056255966450921465584127304844415317723643207509,0xc7781eb0e4ab55dcecb64bba3cdb58a03d1275cfdc87ff4bbc4c20005b283681,1776362427,2026-04-16T18:00:27+00:00,0.305,clob_prices_history
50595160371163450458627399623056255966450921465584127304844415317723643207509,0xc7781eb0e4ab55dcecb64bba3cdb58a03d1275cfdc87ff4bbc4c20005b283681,1776365127,2026-04-16T18:45:27+00:00,0.31,clob_prices_history
50595160371163450458627399623056255966450921465584127304844415317723643207509,0xc7781eb0e4ab55dcecb64bba3cdb58a03d1275cfdc87ff4bbc4c20005b283681,1776366924,2026-04-16T19:15:24+00:00,0.31,clob_prices_history
50595160371163450458627399623056255966450921465584127304844415317723643207509,0xc7781eb0e4ab55dcecb64bba3cdb58a03d1275cfdc87ff4bbc4c20005b283681,1776367835,2026-04-16T19:30:35+00:00,0.32,clob_prices_history
50595160371163450458627399623056255966450921465584127304844415317723643207509,0xc7781eb0e4ab55dcecb64bba3cdb58a03d1275cfdc87ff4bbc4c20005b283681,1776368756,2026-04-16T19:45:56+00:00,0.315,clob_prices_history
50595160371163450458627399623056255966450921465584127304844415317723643207509,0xc7781eb0e4ab55dcecb64bba3cdb58a03d1275cfdc87ff4bbc4c20005b283681,1776370500,2026-04-16T20:15:00+00:00,0.325,clob_prices_history
50595160371163450458627399623056255966450921465584127304844415317723643207509,0xc7781eb0e4ab55dcecb64bba3cdb58a03d1275cfdc87ff4bbc4c20005b283681,1776371447,2026-04-16T20:30:47+00:00,0.325,clob_prices_history
50595160371163450458627399623056255966450921465584127304844415317723643207509,0xc7781eb0e4ab55dcecb64bba3cdb58a03d1275cfdc87ff4bbc4c20005b283681,1776372321,2026-04-16T20:45:21+00:00,0.325,clob_prices_history
50595160371163450458627399623056255966450921465584127304844415317723643207509,0xc7781eb0e4ab55dcecb64bba3cdb58a03d1275cfdc87ff4bbc4c20005b283681,1776374154,2026-04-16T21:15:54+00:00,0.325,clob_prices_history
50595160371163450458627399623056255966450921465584127304844415317723643207509,0xc7781eb0e4ab55dcecb64bba3cdb58a03d1275cfdc87ff4bbc4c20005b283681,1776379547,2026-04-16T22:45:47+00:00,0.275,clob_prices_history
50595160371163450458627399623056255966450921465584127304844415317723643207509,0xc7781eb0e4ab55dcecb64bba3cdb58a03d1275cfdc87ff4bbc4c20005b283681,1776381352,2026-04-16T23:15:52+00:00,0.29,clob_prices_history
50595160371163450458627399623056255966450921465584127304844415317723643207509,0xc7781eb0e4ab55dcecb64bba3cdb58a03d1275cfdc87ff4bbc4c20005b283681,1776384953,2026-04-17T00:15:53+00:00,0.34,clob_prices_history
50595160371163450458627399623056255966450921465584127304844415317723643207509,0xc7781eb0e4ab55dcecb64bba3cdb58a03d1275cfdc87ff4bbc4c20005b283681,1776385849,2026-04-17T00:30:49+00:00,0.34,clob_prices_history
50595160371163450458627399623056255966450921465584127304844415317723643207509,0xc7781eb0e4ab55dcecb64bba3cdb58a03d1275cfdc87ff4bbc4c20005b283681,1776386747,2026-04-17T00:45:47+00:00,0.34,clob_prices_history
50595160371163450458627399623056255966450921465584127304844415317723643207509,0xc7781eb0e4ab55dcecb64bba3cdb58a03d1275cfdc87ff4bbc4c20005b283681,1776387650,2026-04-17T01:00:50+00:00,0.34,clob_prices_history
50595160371163450458627399623056255966450921465584127304844415317723643207509,0xc7781eb0e4ab55dcecb64bba3cdb58a03d1275cfdc87ff4bbc4c20005b283681,1776388554,2026-04-17T01:15:54+00:00,0.34,clob_prices_history
50595160371163450458627399623056255966450921465584127304844415317723643207509,0xc7781eb0e4ab55dcecb64bba3cdb58a03d1275cfdc87ff4bbc4c20005b283681,1776389459,2026-04-17T01:30:59+00:00,0.34,clob_prices_history
50595160371163450458627399623056255966450921465584127304844415317723643207509,0xc7781eb0e4ab55dcecb64bba3cdb58a03d1275cfdc87ff4bbc4c20005b283681,1776390345,2026-04-17T01:45:45+00:00,0.34,clob_prices_history
50595160371163450458627399623056255966450921465584127304844415317723643207509,0xc7781eb0e4ab55dcecb64bba3cdb58a03d1275cfdc87ff4bbc4c20005b283681,1776391254,2026-04-17T02:00:54+00:00,0.34,clob_prices_history
50595160371163450458627399623056255966450921465584127304844415317723643207509,0xc7781eb0e4ab55dcecb64bba3cdb58a03d1275cfdc87ff4bbc4c20005b283681,1776392146,2026-04-17T02:15:46+00:00,0.35,clob_prices_history
50595160371163450458627399623056255966450921465584127304844415317723643207509,0xc7781eb0e4ab55dcecb64bba3cdb58a03d1275cfdc87ff4bbc4c20005b283681,1776393048,2026-04-17T02:30:48+00:00,0.34,clob_prices_history
50595160371163450458627399623056255966450921465584127304844415317723643207509,0xc7781eb0e4ab55dcecb64bba3cdb58a03d1275cfdc87ff4bbc4c20005b283681,1776393958,2026-04-17T02:45:58+00:00,0.335,clob_prices_history
50595160371163450458627399623056255966450921465584127304844415317723643207509,0xc7781eb0e4ab55dcecb64bba3cdb58a03d1275cfdc87ff4bbc4c20005b283681,1776395750,2026-04-17T03:15:50+00:00,0.345,clob_prices_history
50595160371163450458627399623056255966450921465584127304844415317723643207509,0xc7781eb0e4ab55dcecb64bba3cdb58a03d1275cfdc87ff4bbc4c20005b283681,1776396652,2026-04-17T03:30:52+00:00,0.32,clob_prices_history
50595160371163450458627399623056255966450921465584127304844415317723643207509,0xc7781eb0e4ab55dcecb64bba3cdb58a03d1275cfdc87ff4bbc4c20005b283681,1776397551,2026-04-17T03:45:51+00:00,0.325,clob_prices_history
50595160371163450458627399623056255966450921465584127304844415317723643207509,0xc7781eb0e4ab55dcecb64bba3cdb58a03d1275cfdc87ff4bbc4c20005b283681,1776398446,2026-04-17T04:00:46+00:00,0.33,clob_prices_history
50595160371163450458627399623056255966450921465584127304844415317723643207509,0xc7781eb0e4ab55dcecb64bba3cdb58a03d1275cfdc87ff4bbc4c20005b283681,1776399347,2026-04-17T04:15:47+00:00,0.33,clob_prices_history
50595160371163450458627399623056255966450921465584127304844415317723643207509,0xc7781eb0e4ab55dcecb64bba3cdb58a03d1275cfdc87ff4bbc4c20005b283681,1776400250,2026-04-17T04:30:50+00:00,0.32,clob_prices_history
50595160371163450458627399623056255966450921465584127304844415317723643207509,0xc7781eb0e4ab55dcecb64bba3cdb58a03d1275cfdc87ff4bbc4c20005b283681,1776401149,2026-04-17T04:45:49+00:00,0.33,clob_prices_history
50595160371163450458627399623056255966450921465584127304844415317723643207509,0xc7781eb0e4ab55dcecb64bba3cdb58a03d1275cfdc87ff4bbc4c20005b283681,1776402048,2026-04-17T05:00:48+00:00,0.34,clob_prices_history
50595160371163450458627399623056255966450921465584127304844415317723643207509,0xc7781eb0e4ab55dcecb64bba3cdb58a03d1275cfdc87ff4bbc4c20005b283681,1776402955,2026-04-17T05:15:55+00:00,0.355,clob_prices_history
50595160371163450458627399623056255966450921465584127304844415317723643207509,0xc7781eb0e4ab55dcecb64bba3cdb58a03d1275cfdc87ff4bbc4c20005b283681,1776403854,2026-04-17T05:30:54+00:00,0.355,clob_prices_history
50595160371163450458627399623056255966450921465584127304844415317723643207509,0xc7781eb0e4ab55dcecb64bba3cdb58a03d1275cfdc87ff4bbc4c20005b283681,1776404752,2026-04-17T05:45:52+00:00,0.35,clob_prices_history
50595160371163450458627399623056255966450921465584127304844415317723643207509,0xc7781eb0e4ab55dcecb64bba3cdb58a03d1275cfdc87ff4bbc4c20005b283681,1776406548,2026-04-17T06:15:48+00:00,0.295,clob_prices_history
50595160371163450458627399623056255966450921465584127304844415317723643207509,0xc7781eb0e4ab55dcecb64bba3cdb58a03d1275cfdc87ff4bbc4c20005b283681,1776407407,2026-04-17T06:30:07+00:00,0.35,clob_prices_history
50595160371163450458627399623056255966450921465584127304844415317723643207509,0xc7781eb0e4ab55dcecb64bba3cdb58a03d1275cfdc87ff4bbc4c20005b283681,1776408350,2026-04-17T06:45:50+00:00,0.35,clob_prices_history
50595160371163450458627399623056255966450921465584127304844415317723643207509,0xc7781eb0e4ab55dcecb64bba3cdb58a03d1275cfdc87ff4bbc4c20005b283681,1776409250,2026-04-17T07:00:50+00:00,0.395,clob_prices_history
50595160371163450458627399623056255966450921465584127304844415317723643207509,0xc7781eb0e4ab55dcecb64bba3cdb58a03d1275cfdc87ff4bbc4c20005b283681,1776410146,2026-04-17T07:15:46+00:00,0.395,clob_prices_history
50595160371163450458627399623056255966450921465584127304844415317723643207509,0xc7781eb0e4ab55dcecb64bba3cdb58a03d1275cfdc87ff4bbc4c20005b283681,1776411051,2026-04-17T07:30:51+00:00,0.395,clob_prices_history
50595160371163450458627399623056255966450921465584127304844415317723643207509,0xc7781eb0e4ab55dcecb64bba3cdb58a03d1275cfdc87ff4bbc4c20005b283681,1776411946,2026-04-17T07:45:46+00:00,0.395,clob_prices_history
50595160371163450458627399623056255966450921465584127304844415317723643207509,0xc7781eb0e4ab55dcecb64bba3cdb58a03d1275cfdc87ff4bbc4c20005b283681,1776413747,2026-04-17T08:15:47+00:00,0.395,clob_prices_history
50595160371163450458627399623056255966450921465584127304844415317723643207509,0xc7781eb0e4ab55dcecb64bba3cdb58a03d1275cfdc87ff4bbc4c20005b283681,1776414651,2026-04-17T08:30:51+00:00,0.395,clob_prices_history
50595160371163450458627399623056255966450921465584127304844415317723643207509,0xc7781eb0e4ab55dcecb64bba3cdb58a03d1275cfdc87ff4bbc4c20005b283681,1776417352,2026-04-17T09:15:52+00:00,0.405,clob_prices_history
50595160371163450458627399623056255966450921465584127304844415317723643207509,0xc7781eb0e4ab55dcecb64bba3cdb58a03d1275cfdc87ff4bbc4c20005b283681,1776418253,2026-04-17T09:30:53+00:00,0.405,clob_prices_history
50595160371163450458627399623056255966450921465584127304844415317723643207509,0xc7781eb0e4ab55dcecb64bba3cdb58a03d1275cfdc87ff4bbc4c20005b283681,1776419154,2026-04-17T09:45:54+00:00,0.405,clob_prices_history
50595160371163450458627399623056255966450921465584127304844415317723643207509,0xc7781eb0e4ab55dcecb64bba3cdb58a03d1275cfdc87ff4bbc4c20005b283681,1776420055,2026-04-17T10:00:55+00:00,0.405,clob_prices_history
50595160371163450458627399623056255966450921465584127304844415317723643207509,0xc7781eb0e4ab55dcecb64bba3cdb58a03d1275cfdc87ff4bbc4c20005b283681,1776420947,2026-04-17T10:15:47+00:00,0.37,clob_prices_history
50595160371163450458627399623056255966450921465584127304844415317723643207509,0xc7781eb0e4ab55dcecb64bba3cdb58a03d1275cfdc87ff4bbc4c20005b283681,1776421848,2026-04-17T10:30:48+00:00,0.365,clob_prices_history
50595160371163450458627399623056255966450921465584127304844415317723643207509,0xc7781eb0e4ab55dcecb64bba3cdb58a03d1275cfdc87ff4bbc4c20005b283681,1776422757,2026-04-17T10:45:57+00:00,0.36,clob_prices_history
50595160371163450458627399623056255966450921465584127304844415317723643207509,0xc7781eb0e4ab55dcecb64bba3cdb58a03d1275cfdc87ff4bbc4c20005b283681,1776423649,2026-04-17T11:00:49+00:00,0.4,clob_prices_history
50595160371163450458627399623056255966450921465584127304844415317723643207509,0xc7781eb0e4ab55dcecb64bba3cdb58a03d1275cfdc87ff4bbc4c20005b283681,1776424551,2026-04-17T11:15:51+00:00,0.4,clob_prices_history
50595160371163450458627399623056255966450921465584127304844415317723643207509,0xc7781eb0e4ab55dcecb64bba3cdb58a03d1275cfdc87ff4bbc4c20005b283681,1776425406,2026-04-17T11:30:06+00:00,0.4,clob_prices_history
50595160371163450458627399623056255966450921465584127304844415317723643207509,0xc7781eb0e4ab55dcecb64bba3cdb58a03d1275cfdc87ff4bbc4c20005b283681,1776426350,2026-04-17T11:45:50+00:00,0.41,clob_prices_history
50595160371163450458627399623056255966450921465584127304844415317723643207509,0xc7781eb0e4ab55dcecb64bba3cdb58a03d1275cfdc87ff4bbc4c20005b283681,1776428152,2026-04-17T12:15:52+00:00,0.41,clob_prices_history
50595160371163450458627399623056255966450921465584127304844415317723643207509,0xc7781eb0e4ab55dcecb64bba3cdb58a03d1275cfdc87ff4bbc4c20005b283681,1776429953,2026-04-17T12:45:53+00:00,0.405,clob_prices_history
50595160371163450458627399623056255966450921465584127304844415317723643207509,0xc7781eb0e4ab55dcecb64bba3cdb58a03d1275cfdc87ff4bbc4c20005b283681,1776430856,2026-04-17T13:00:56+00:00,0.405,clob_prices_history
50595160371163450458627399623056255966450921465584127304844415317723643207509,0xc7781eb0e4ab55dcecb64bba3cdb58a03d1275cfdc87ff4bbc4c20005b283681,1776431752,2026-04-17T13:15:52+00:00,0.41,clob_prices_history
50595160371163450458627399623056255966450921465584127304844415317723643207509,0xc7781eb0e4ab55dcecb64bba3cdb58a03d1275cfdc87ff4bbc4c20005b283681,1776432654,2026-04-17T13:30:54+00:00,0.355,clob_prices_history
50595160371163450458627399623056255966450921465584127304844415317723643207509,0xc7781eb0e4ab55dcecb64bba3cdb58a03d1275cfdc87ff4bbc4c20005b283681,1776433549,2026-04-17T13:45:49+00:00,0.355,clob_prices_history
50595160371163450458627399623056255966450921465584127304844415317723643207509,0xc7781eb0e4ab55dcecb64bba3cdb58a03d1275cfdc87ff4bbc4c20005b283681,1776435353,2026-04-17T14:15:53+00:00,0.365,clob_prices_history
50595160371163450458627399623056255966450921465584127304844415317723643207509,0xc7781eb0e4ab55dcecb64bba3cdb58a03d1275cfdc87ff4bbc4c20005b283681,1776436208,2026-04-17T14:30:08+00:00,0.205,clob_prices_history
50595160371163450458627399623056255966450921465584127304844415317723643207509,0xc7781eb0e4ab55dcecb64bba3cdb58a03d1275cfdc87ff4bbc4c20005b283681,1776437150,2026-04-17T14:45:50+00:00,0.235,clob_prices_history
50595160371163450458627399623056255966450921465584127304844415317723643207509,0xc7781eb0e4ab55dcecb64bba3cdb58a03d1275cfdc87ff4bbc4c20005b283681,1776438022,2026-04-17T15:00:22+00:00,0.245,clob_prices_history
50595160371163450458627399623056255966450921465584127304844415317723643207509,0xc7781eb0e4ab55dcecb64bba3cdb58a03d1275cfdc87ff4bbc4c20005b283681,1776438903,2026-04-17T15:15:03+00:00,0.23,clob_prices_history
50595160371163450458627399623056255966450921465584127304844415317723643207509,0xc7781eb0e4ab55dcecb64bba3cdb58a03d1275cfdc87ff4bbc4c20005b283681,1776439859,2026-04-17T15:30:59+00:00,0.25,clob_prices_history
50595160371163450458627399623056255966450921465584127304844415317723643207509,0xc7781eb0e4ab55dcecb64bba3cdb58a03d1275cfdc87ff4bbc4c20005b283681,1776440754,2026-04-17T15:45:54+00:00,0.21,clob_prices_history
50595160371163450458627399623056255966450921465584127304844415317723643207509,0xc7781eb0e4ab55dcecb64bba3cdb58a03d1275cfdc87ff4bbc4c20005b283681,1776441658,2026-04-17T16:00:58+00:00,0.21,clob_prices_history
50595160371163450458627399623056255966450921465584127304844415317723643207509,0xc7781eb0e4ab55dcecb64bba3cdb58a03d1275cfdc87ff4bbc4c20005b283681,1776442509,2026-04-17T16:15:09+00:00,0.225,clob_prices_history
50595160371163450458627399623056255966450921465584127304844415317723643207509,0xc7781eb0e4ab55dcecb64bba3cdb58a03d1275cfdc87ff4bbc4c20005b283681,1776443400,2026-04-17T16:30:00+00:00,0.24,clob_prices_history
50595160371163450458627399623056255966450921465584127304844415317723643207509,0xc7781eb0e4ab55dcecb64bba3cdb58a03d1275cfdc87ff4bbc4c20005b283681,1776444353,2026-04-17T16:45:53+00:00,0.255,clob_prices_history
50595160371163450458627399623056255966450921465584127304844415317723643207509,0xc7781eb0e4ab55dcecb64bba3cdb58a03d1275cfdc87ff4bbc4c20005b283681,1776445211,2026-04-17T17:00:11+00:00,0.245,clob_prices_history
50595160371163450458627399623056255966450921465584127304844415317723643207509,0xc7781eb0e4ab55dcecb64bba3cdb58a03d1275cfdc87ff4bbc4c20005b283681,1776446152,2026-04-17T17:15:52+00:00,0.22,clob_prices_history
50595160371163450458627399623056255966450921465584127304844415317723643207509,0xc7781eb0e4ab55dcecb64bba3cdb58a03d1275cfdc87ff4bbc4c20005b283681,1776447010,2026-04-17T17:30:10+00:00,0.26,clob_prices_history
50595160371163450458627399623056255966450921465584127304844415317723643207509,0xc7781eb0e4ab55dcecb64bba3cdb58a03d1275cfdc87ff4bbc4c20005b283681,1776447953,2026-04-17T17:45:53+00:00,0.24,clob_prices_history
50595160371163450458627399623056255966450921465584127304844415317723643207509,0xc7781eb0e4ab55dcecb64bba3cdb58a03d1275cfdc87ff4bbc4c20005b283681,1776448830,2026-04-17T18:00:30+00:00,0.25,clob_prices_history
50595160371163450458627399623056255966450921465584127304844415317723643207509,0xc7781eb0e4ab55dcecb64bba3cdb58a03d1275cfdc87ff4bbc4c20005b283681,1776449748,2026-04-17T18:15:48+00:00,0.22,clob_prices_history
50595160371163450458627399623056255966450921465584127304844415317723643207509,0xc7781eb0e4ab55dcecb64bba3cdb58a03d1275cfdc87ff4bbc4c20005b283681,1776450609,2026-04-17T18:30:09+00:00,0.235,clob_prices_history
50595160371163450458627399623056255966450921465584127304844415317723643207509,0xc7781eb0e4ab55dcecb64bba3cdb58a03d1275cfdc87ff4bbc4c20005b283681,1776451558,2026-04-17T18:45:58+00:00,0.245,clob_prices_history
50595160371163450458627399623056255966450921465584127304844415317723643207509,0xc7781eb0e4ab55dcecb64bba3cdb58a03d1275cfdc87ff4bbc4c20005b283681,1776452401,2026-04-17T19:00:01+00:00,0.205,clob_prices_history
50595160371163450458627399623056255966450921465584127304844415317723643207509,0xc7781eb0e4ab55dcecb64bba3cdb58a03d1275cfdc87ff4bbc4c20005b283681,1776453300,2026-04-17T19:15:00+00:00,0.255,clob_prices_history
50595160371163450458627399623056255966450921465584127304844415317723643207509,0xc7781eb0e4ab55dcecb64bba3cdb58a03d1275cfdc87ff4bbc4c20005b283681,1776454213,2026-04-17T19:30:13+00:00,0.255,clob_prices_history
50595160371163450458627399623056255966450921465584127304844415317723643207509,0xc7781eb0e4ab55dcecb64bba3cdb58a03d1275cfdc87ff4bbc4c20005b283681,1776455113,2026-04-17T19:45:13+00:00,0.255,clob_prices_history
50595160371163450458627399623056255966450921465584127304844415317723643207509,0xc7781eb0e4ab55dcecb64bba3cdb58a03d1275cfdc87ff4bbc4c20005b283681,1776456008,2026-04-17T20:00:08+00:00,0.25,clob_prices_history
50595160371163450458627399623056255966450921465584127304844415317723643207509,0xc7781eb0e4ab55dcecb64bba3cdb58a03d1275cfdc87ff4bbc4c20005b283681,1776456947,2026-04-17T20:15:47+00:00,0.295,clob_prices_history
50595160371163450458627399623056255966450921465584127304844415317723643207509,0xc7781eb0e4ab55dcecb64bba3cdb58a03d1275cfdc87ff4bbc4c20005b283681,1776458758,2026-04-17T20:45:58+00:00,0.225,clob_prices_history
50595160371163450458627399623056255966450921465584127304844415317723643207509,0xc7781eb0e4ab55dcecb64bba3cdb58a03d1275cfdc87ff4bbc4c20005b283681,1776461459,2026-04-17T21:30:59+00:00,0.28,clob_prices_history
50595160371163450458627399623056255966450921465584127304844415317723643207509,0xc7781eb0e4ab55dcecb64bba3cdb58a03d1275cfdc87ff4bbc4c20005b283681,1776462349,2026-04-17T21:45:49+00:00,0.27,clob_prices_history
50595160371163450458627399623056255966450921465584127304844415317723643207509,0xc7781eb0e4ab55dcecb64bba3cdb58a03d1275cfdc87ff4bbc4c20005b283681,1776464147,2026-04-17T22:15:47+00:00,0.295,clob_prices_history
50595160371163450458627399623056255966450921465584127304844415317723643207509,0xc7781eb0e4ab55dcecb64bba3cdb58a03d1275cfdc87ff4bbc4c20005b283681,1776465059,2026-04-17T22:30:59+00:00,0.25,clob_prices_history
50595160371163450458627399623056255966450921465584127304844415317723643207509,0xc7781eb0e4ab55dcecb64bba3cdb58a03d1275cfdc87ff4bbc4c20005b283681,1776465955,2026-04-17T22:45:55+00:00,0.295,clob_prices_history
50595160371163450458627399623056255966450921465584127304844415317723643207509,0xc7781eb0e4ab55dcecb64bba3cdb58a03d1275cfdc87ff4bbc4c20005b283681,1776466856,2026-04-17T23:00:56+00:00,0.275,clob_prices_history
50595160371163450458627399623056255966450921465584127304844415317723643207509,0xc7781eb0e4ab55dcecb64bba3cdb58a03d1275cfdc87ff4bbc4c20005b283681,1776467752,2026-04-17T23:15:52+00:00,0.285,clob_prices_history
50595160371163450458627399623056255966450921465584127304844415317723643207509,0xc7781eb0e4ab55dcecb64bba3cdb58a03d1275cfdc87ff4bbc4c20005b283681,1776469551,2026-04-17T23:45:51+00:00,0.295,clob_prices_history
50595160371163450458627399623056255966450921465584127304844415317723643207509,0xc7781eb0e4ab55dcecb64bba3cdb58a03d1275cfdc87ff4bbc4c20005b283681,1776471351,2026-04-18T00:15:51+00:00,0.29,clob_prices_history
50595160371163450458627399623056255966450921465584127304844415317723643207509,0xc7781eb0e4ab55dcecb64bba3cdb58a03d1275cfdc87ff4bbc4c20005b283681,1776473148,2026-04-18T00:45:48+00:00,0.295,clob_prices_history
50595160371163450458627399623056255966450921465584127304844415317723643207509,0xc7781eb0e4ab55dcecb64bba3cdb58a03d1275cfdc87ff4bbc4c20005b283681,1776474948,2026-04-18T01:15:48+00:00,0.295,clob_prices_history
50595160371163450458627399623056255966450921465584127304844415317723643207509,0xc7781eb0e4ab55dcecb64bba3cdb58a03d1275cfdc87ff4bbc4c20005b283681,1776475858,2026-04-18T01:30:58+00:00,0.265,clob_prices_history
50595160371163450458627399623056255966450921465584127304844415317723643207509,0xc7781eb0e4ab55dcecb64bba3cdb58a03d1275cfdc87ff4bbc4c20005b283681,1776476754,2026-04-18T01:45:54+00:00,0.28,clob_prices_history
50595160371163450458627399623056255966450921465584127304844415317723643207509,0xc7781eb0e4ab55dcecb64bba3cdb58a03d1275cfdc87ff4bbc4c20005b283681,1776478559,2026-04-18T02:15:59+00:00,0.29,clob_prices_history
50595160371163450458627399623056255966450921465584127304844415317723643207509,0xc7781eb0e4ab55dcecb64bba3cdb58a03d1275cfdc87ff4bbc4c20005b283681,1776480307,2026-04-18T02:45:07+00:00,0.31,clob_prices_history
50595160371163450458627399623056255966450921465584127304844415317723643207509,0xc7781eb0e4ab55dcecb64bba3cdb58a03d1275cfdc87ff4bbc4c20005b283681,1776482152,2026-04-18T03:15:52+00:00,0.295,clob_prices_history
50595160371163450458627399623056255966450921465584127304844415317723643207509,0xc7781eb0e4ab55dcecb64bba3cdb58a03d1275cfdc87ff4bbc4c20005b283681,1776483056,2026-04-18T03:30:56+00:00,0.305,clob_prices_history
50595160371163450458627399623056255966450921465584127304844415317723643207509,0xc7781eb0e4ab55dcecb64bba3cdb58a03d1275cfdc87ff4bbc4c20005b283681,1776484858,2026-04-18T04:00:58+00:00,0.305,clob_prices_history
50595160371163450458627399623056255966450921465584127304844415317723643207509,0xc7781eb0e4ab55dcecb64bba3cdb58a03d1275cfdc87ff4bbc4c20005b283681,1776485746,2026-04-18T04:15:46+00:00,0.305,clob_prices_history
50595160371163450458627399623056255966450921465584127304844415317723643207509,0xc7781eb0e4ab55dcecb64bba3cdb58a03d1275cfdc87ff4bbc4c20005b283681,1776486652,2026-04-18T04:30:52+00:00,0.295,clob_prices_history
50595160371163450458627399623056255966450921465584127304844415317723643207509,0xc7781eb0e4ab55dcecb64bba3cdb58a03d1275cfdc87ff4bbc4c20005b283681,1776487551,2026-04-18T04:45:51+00:00,0.29,clob_prices_history
50595160371163450458627399623056255966450921465584127304844415317723643207509,0xc7781eb0e4ab55dcecb64bba3cdb58a03d1275cfdc87ff4bbc4c20005b283681,1776489352,2026-04-18T05:15:52+00:00,0.285,clob_prices_history
50595160371163450458627399623056255966450921465584127304844415317723643207509,0xc7781eb0e4ab55dcecb64bba3cdb58a03d1275cfdc87ff4bbc4c20005b283681,1776491150,2026-04-18T05:45:50+00:00,0.27,clob_prices_history
50595160371163450458627399623056255966450921465584127304844415317723643207509,0xc7781eb0e4ab55dcecb64bba3cdb58a03d1275cfdc87ff4bbc4c20005b283681,1776492954,2026-04-18T06:15:54+00:00,0.265,clob_prices_history
50595160371163450458627399623056255966450921465584127304844415317723643207509,0xc7781eb0e4ab55dcecb64bba3cdb58a03d1275cfdc87ff4bbc4c20005b283681,1776493856,2026-04-18T06:30:56+00:00,0.275,clob_prices_history
50595160371163450458627399623056255966450921465584127304844415317723643207509,0xc7781eb0e4ab55dcecb64bba3cdb58a03d1275cfdc87ff4bbc4c20005b283681,1776494746,2026-04-18T06:45:46+00:00,0.285,clob_prices_history
50595160371163450458627399623056255966450921465584127304844415317723643207509,0xc7781eb0e4ab55dcecb64bba3cdb58a03d1275cfdc87ff4bbc4c20005b283681,1776495650,2026-04-18T07:00:50+00:00,0.275,clob_prices_history
50595160371163450458627399623056255966450921465584127304844415317723643207509,0xc7781eb0e4ab55dcecb64bba3cdb58a03d1275cfdc87ff4bbc4c20005b283681,1776496546,2026-04-18T07:15:46+00:00,0.3,clob_prices_history
50595160371163450458627399623056255966450921465584127304844415317723643207509,0xc7781eb0e4ab55dcecb64bba3cdb58a03d1275cfdc87ff4bbc4c20005b283681,1776497450,2026-04-18T07:30:50+00:00,0.295,clob_prices_history
50595160371163450458627399623056255966450921465584127304844415317723643207509,0xc7781eb0e4ab55dcecb64bba3cdb58a03d1275cfdc87ff4bbc4c20005b283681,1776498348,2026-04-18T07:45:48+00:00,0.295,clob_prices_history
50595160371163450458627399623056255966450921465584127304844415317723643207509,0xc7781eb0e4ab55dcecb64bba3cdb58a03d1275cfdc87ff4bbc4c20005b283681,1776499252,2026-04-18T08:00:52+00:00,0.29,clob_prices_history
50595160371163450458627399623056255966450921465584127304844415317723643207509,0xc7781eb0e4ab55dcecb64bba3cdb58a03d1275cfdc87ff4bbc4c20005b283681,1776500153,2026-04-18T08:15:53+00:00,0.275,clob_prices_history
50595160371163450458627399623056255966450921465584127304844415317723643207509,0xc7781eb0e4ab55dcecb64bba3cdb58a03d1275cfdc87ff4bbc4c20005b283681,1776501059,2026-04-18T08:30:59+00:00,0.265,clob_prices_history
50595160371163450458627399623056255966450921465584127304844415317723643207509,0xc7781eb0e4ab55dcecb64bba3cdb58a03d1275cfdc87ff4bbc4c20005b283681,1776501948,2026-04-18T08:45:48+00:00,0.305,clob_prices_history
50595160371163450458627399623056255966450921465584127304844415317723643207509,0xc7781eb0e4ab55dcecb64bba3cdb58a03d1275cfdc87ff4bbc4c20005b283681,1776502855,2026-04-18T09:00:55+00:00,0.295,clob_prices_history
50595160371163450458627399623056255966450921465584127304844415317723643207509,0xc7781eb0e4ab55dcecb64bba3cdb58a03d1275cfdc87ff4bbc4c20005b283681,1776503747,2026-04-18T09:15:47+00:00,0.305,clob_prices_history
50595160371163450458627399623056255966450921465584127304844415317723643207509,0xc7781eb0e4ab55dcecb64bba3cdb58a03d1275cfdc87ff4bbc4c20005b283681,1776504653,2026-04-18T09:30:53+00:00,0.305,clob_prices_history
50595160371163450458627399623056255966450921465584127304844415317723643207509,0xc7781eb0e4ab55dcecb64bba3cdb58a03d1275cfdc87ff4bbc4c20005b283681,1776505546,2026-04-18T09:45:46+00:00,0.305,clob_prices_history
50595160371163450458627399623056255966450921465584127304844415317723643207509,0xc7781eb0e4ab55dcecb64bba3cdb58a03d1275cfdc87ff4bbc4c20005b283681,1776506454,2026-04-18T10:00:54+00:00,0.29,clob_prices_history
50595160371163450458627399623056255966450921465584127304844415317723643207509,0xc7781eb0e4ab55dcecb64bba3cdb58a03d1275cfdc87ff4bbc4c20005b283681,1776507347,2026-04-18T10:15:47+00:00,0.28,clob_prices_history
50595160371163450458627399623056255966450921465584127304844415317723643207509,0xc7781eb0e4ab55dcecb64bba3cdb58a03d1275cfdc87ff4bbc4c20005b283681,1776508259,2026-04-18T10:30:59+00:00,0.335,clob_prices_history
50595160371163450458627399623056255966450921465584127304844415317723643207509,0xc7781eb0e4ab55dcecb64bba3cdb58a03d1275cfdc87ff4bbc4c20005b283681,1776509155,2026-04-18T10:45:55+00:00,0.335,clob_prices_history
50595160371163450458627399623056255966450921465584127304844415317723643207509,0xc7781eb0e4ab55dcecb64bba3cdb58a03d1275cfdc87ff4bbc4c20005b283681,1776510004,2026-04-18T11:00:04+00:00,0.335,clob_prices_history
50595160371163450458627399623056255966450921465584127304844415317723643207509,0xc7781eb0e4ab55dcecb64bba3cdb58a03d1275cfdc87ff4bbc4c20005b283681,1776510951,2026-04-18T11:15:51+00:00,0.335,clob_prices_history
50595160371163450458627399623056255966450921465584127304844415317723643207509,0xc7781eb0e4ab55dcecb64bba3cdb58a03d1275cfdc87ff4bbc4c20005b283681,1776512749,2026-04-18T11:45:49+00:00,0.335,clob_prices_history
50595160371163450458627399623056255966450921465584127304844415317723643207509,0xc7781eb0e4ab55dcecb64bba3cdb58a03d1275cfdc87ff4bbc4c20005b283681,1776514523,2026-04-18T12:15:23+00:00,0.33,clob_prices_history
50595160371163450458627399623056255966450921465584127304844415317723643207509,0xc7781eb0e4ab55dcecb64bba3cdb58a03d1275cfdc87ff4bbc4c20005b283681,1776516353,2026-04-18T12:45:53+00:00,0.33,clob_prices_history
50595160371163450458627399623056255966450921465584127304844415317723643207509,0xc7781eb0e4ab55dcecb64bba3cdb58a03d1275cfdc87ff4bbc4c20005b283681,1776518156,2026-04-18T13:15:56+00:00,0.24,clob_prices_history
50595160371163450458627399623056255966450921465584127304844415317723643207509,0xc7781eb0e4ab55dcecb64bba3cdb58a03d1275cfdc87ff4bbc4c20005b283681,1776519953,2026-04-18T13:45:53+00:00,0.27,clob_prices_history
50595160371163450458627399623056255966450921465584127304844415317723643207509,0xc7781eb0e4ab55dcecb64bba3cdb58a03d1275cfdc87ff4bbc4c20005b283681,1776521748,2026-04-18T14:15:48+00:00,0.29,clob_prices_history
50595160371163450458627399623056255966450921465584127304844415317723643207509,0xc7781eb0e4ab55dcecb64bba3cdb58a03d1275cfdc87ff4bbc4c20005b283681,1776523546,2026-04-18T14:45:46+00:00,0.31,clob_prices_history
50595160371163450458627399623056255966450921465584127304844415317723643207509,0xc7781eb0e4ab55dcecb64bba3cdb58a03d1275cfdc87ff4bbc4c20005b283681,1776524415,2026-04-18T15:00:15+00:00,0.315,clob_prices_history
50595160371163450458627399623056255966450921465584127304844415317723643207509,0xc7781eb0e4ab55dcecb64bba3cdb58a03d1275cfdc87ff4bbc4c20005b283681,1776525352,2026-04-18T15:15:52+00:00,0.315,clob_prices_history
50595160371163450458627399623056255966450921465584127304844415317723643207509,0xc7781eb0e4ab55dcecb64bba3cdb58a03d1275cfdc87ff4bbc4c20005b283681,1776527150,2026-04-18T15:45:50+00:00,0.34,clob_prices_history
50595160371163450458627399623056255966450921465584127304844415317723643207509,0xc7781eb0e4ab55dcecb64bba3cdb58a03d1275cfdc87ff4bbc4c20005b283681,1776528947,2026-04-18T16:15:47+00:00,0.33,clob_prices_history
50595160371163450458627399623056255966450921465584127304844415317723643207509,0xc7781eb0e4ab55dcecb64bba3cdb58a03d1275cfdc87ff4bbc4c20005b283681,1776529823,2026-04-18T16:30:23+00:00,0.33,clob_prices_history
50595160371163450458627399623056255966450921465584127304844415317723643207509,0xc7781eb0e4ab55dcecb64bba3cdb58a03d1275cfdc87ff4bbc4c20005b283681,1776530744,2026-04-18T16:45:44+00:00,0.33,clob_prices_history
50595160371163450458627399623056255966450921465584127304844415317723643207509,0xc7781eb0e4ab55dcecb64bba3cdb58a03d1275cfdc87ff4bbc4c20005b283681,1776531655,2026-04-18T17:00:55+00:00,0.325,clob_prices_history
50595160371163450458627399623056255966450921465584127304844415317723643207509,0xc7781eb0e4ab55dcecb64bba3cdb58a03d1275cfdc87ff4bbc4c20005b283681,1776532517,2026-04-18T17:15:17+00:00,0.335,clob_prices_history
50595160371163450458627399623056255966450921465584127304844415317723643207509,0xc7781eb0e4ab55dcecb64bba3cdb58a03d1275cfdc87ff4bbc4c20005b283681,1776533422,2026-04-18T17:30:22+00:00,0.345,clob_prices_history
50595160371163450458627399623056255966450921465584127304844415317723643207509,0xc7781eb0e4ab55dcecb64bba3cdb58a03d1275cfdc87ff4bbc4c20005b283681,1776534311,2026-04-18T17:45:11+00:00,0.345,clob_prices_history
50595160371163450458627399623056255966450921465584127304844415317723643207509,0xc7781eb0e4ab55dcecb64bba3cdb58a03d1275cfdc87ff4bbc4c20005b283681,1776536153,2026-04-18T18:15:53+00:00,0.385,clob_prices_history
50595160371163450458627399623056255966450921465584127304844415317723643207509,0xc7781eb0e4ab55dcecb64bba3cdb58a03d1275cfdc87ff4bbc4c20005b283681,1776537955,2026-04-18T18:45:55+00:00,0.385,clob_prices_history
50595160371163450458627399623056255966450921465584127304844415317723643207509,0xc7781eb0e4ab55dcecb64bba3cdb58a03d1275cfdc87ff4bbc4c20005b283681,1776539748,2026-04-18T19:15:48+00:00,0.385,clob_prices_history
50595160371163450458627399623056255966450921465584127304844415317723643207509,0xc7781eb0e4ab55dcecb64bba3cdb58a03d1275cfdc87ff4bbc4c20005b283681,1776541548,2026-04-18T19:45:48+00:00,0.385,clob_prices_history
50595160371163450458627399623056255966450921465584127304844415317723643207509,0xc7781eb0e4ab55dcecb64bba3cdb58a03d1275cfdc87ff4bbc4c20005b283681,1776543350,2026-04-18T20:15:50+00:00,0.385,clob_prices_history
50595160371163450458627399623056255966450921465584127304844415317723643207509,0xc7781eb0e4ab55dcecb64bba3cdb58a03d1275cfdc87ff4bbc4c20005b283681,1776544251,2026-04-18T20:30:51+00:00,0.385,clob_prices_history
50595160371163450458627399623056255966450921465584127304844415317723643207509,0xc7781eb0e4ab55dcecb64bba3cdb58a03d1275cfdc87ff4bbc4c20005b283681,1776545147,2026-04-18T20:45:47+00:00,0.385,clob_prices_history
50595160371163450458627399623056255966450921465584127304844415317723643207509,0xc7781eb0e4ab55dcecb64bba3cdb58a03d1275cfdc87ff4bbc4c20005b283681,1776546911,2026-04-18T21:15:11+00:00,0.385,clob_prices_history
50595160371163450458627399623056255966450921465584127304844415317723643207509,0xc7781eb0e4ab55dcecb64bba3cdb58a03d1275cfdc87ff4bbc4c20005b283681,1776548743,2026-04-18T21:45:43+00:00,0.385,clob_prices_history
50595160371163450458627399623056255966450921465584127304844415317723643207509,0xc7781eb0e4ab55dcecb64bba3cdb58a03d1275cfdc87ff4bbc4c20005b283681,1776549659,2026-04-18T22:00:59+00:00,0.385,clob_prices_history
50595160371163450458627399623056255966450921465584127304844415317723643207509,0xc7781eb0e4ab55dcecb64bba3cdb58a03d1275cfdc87ff4bbc4c20005b283681,1776550545,2026-04-18T22:15:45+00:00,0.385,clob_prices_history
50595160371163450458627399623056255966450921465584127304844415317723643207509,0xc7781eb0e4ab55dcecb64bba3cdb58a03d1275cfdc87ff4bbc4c20005b283681,1776551457,2026-04-18T22:30:57+00:00,0.385,clob_prices_history
50595160371163450458627399623056255966450921465584127304844415317723643207509,0xc7781eb0e4ab55dcecb64bba3cdb58a03d1275cfdc87ff4bbc4c20005b283681,1776552346,2026-04-18T22:45:46+00:00,0.385,clob_prices_history
50595160371163450458627399623056255966450921465584127304844415317723643207509,0xc7781eb0e4ab55dcecb64bba3cdb58a03d1275cfdc87ff4bbc4c20005b283681,1776553259,2026-04-18T23:00:59+00:00,0.385,clob_prices_history
50595160371163450458627399623056255966450921465584127304844415317723643207509,0xc7781eb0e4ab55dcecb64bba3cdb58a03d1275cfdc87ff4bbc4c20005b283681,1776555945,2026-04-18T23:45:45+00:00,0.385,clob_prices_history
50595160371163450458627399623056255966450921465584127304844415317723643207509,0xc7781eb0e4ab55dcecb64bba3cdb58a03d1275cfdc87ff4bbc4c20005b283681,1776557753,2026-04-19T00:15:53+00:00,0.385,clob_prices_history
50595160371163450458627399623056255966450921465584127304844415317723643207509,0xc7781eb0e4ab55dcecb64bba3cdb58a03d1275cfdc87ff4bbc4c20005b283681,1776559553,2026-04-19T00:45:53+00:00,0.385,clob_prices_history
50595160371163450458627399623056255966450921465584127304844415317723643207509,0xc7781eb0e4ab55dcecb64bba3cdb58a03d1275cfdc87ff4bbc4c20005b283681,1776560453,2026-04-19T01:00:53+00:00,0.385,clob_prices_history
50595160371163450458627399623056255966450921465584127304844415317723643207509,0xc7781eb0e4ab55dcecb64bba3cdb58a03d1275cfdc87ff4bbc4c20005b283681,1776561342,2026-04-19T01:15:42+00:00,0.385,clob_prices_history
50595160371163450458627399623056255966450921465584127304844415317723643207509,0xc7781eb0e4ab55dcecb64bba3cdb58a03d1275cfdc87ff4bbc4c20005b283681,1776562245,2026-04-19T01:30:45+00:00,0.385,clob_prices_history
50595160371163450458627399623056255966450921465584127304844415317723643207509,0xc7781eb0e4ab55dcecb64bba3cdb58a03d1275cfdc87ff4bbc4c20005b283681,1776563148,2026-04-19T01:45:48+00:00,0.385,clob_prices_history
50595160371163450458627399623056255966450921465584127304844415317723643207509,0xc7781eb0e4ab55dcecb64bba3cdb58a03d1275cfdc87ff4bbc4c20005b283681,1776564057,2026-04-19T02:00:57+00:00,0.385,clob_prices_history
50595160371163450458627399623056255966450921465584127304844415317723643207509,0xc7781eb0e4ab55dcecb64bba3cdb58a03d1275cfdc87ff4bbc4c20005b283681,1776564944,2026-04-19T02:15:44+00:00,0.385,clob_prices_history
50595160371163450458627399623056255966450921465584127304844415317723643207509,0xc7781eb0e4ab55dcecb64bba3cdb58a03d1275cfdc87ff4bbc4c20005b283681,1776565857,2026-04-19T02:30:57+00:00,0.385,clob_prices_history
50595160371163450458627399623056255966450921465584127304844415317723643207509,0xc7781eb0e4ab55dcecb64bba3cdb58a03d1275cfdc87ff4bbc4c20005b283681,1776566743,2026-04-19T02:45:43+00:00,0.385,clob_prices_history
50595160371163450458627399623056255966450921465584127304844415317723643207509,0xc7781eb0e4ab55dcecb64bba3cdb58a03d1275cfdc87ff4bbc4c20005b283681,1776568541,2026-04-19T03:15:41+00:00,0.385,clob_prices_history
50595160371163450458627399623056255966450921465584127304844415317723643207509,0xc7781eb0e4ab55dcecb64bba3cdb58a03d1275cfdc87ff4bbc4c20005b283681,1776569447,2026-04-19T03:30:47+00:00,0.385,clob_prices_history
50595160371163450458627399623056255966450921465584127304844415317723643207509,0xc7781eb0e4ab55dcecb64bba3cdb58a03d1275cfdc87ff4bbc4c20005b283681,1776570342,2026-04-19T03:45:42+00:00,0.385,clob_prices_history
50595160371163450458627399623056255966450921465584127304844415317723643207509,0xc7781eb0e4ab55dcecb64bba3cdb58a03d1275cfdc87ff4bbc4c20005b283681,1776572144,2026-04-19T04:15:44+00:00,0.385,clob_prices_history
50595160371163450458627399623056255966450921465584127304844415317723643207509,0xc7781eb0e4ab55dcecb64bba3cdb58a03d1275cfdc87ff4bbc4c20005b283681,1776573054,2026-04-19T04:30:54+00:00,0.385,clob_prices_history
50595160371163450458627399623056255966450921465584127304844415317723643207509,0xc7781eb0e4ab55dcecb64bba3cdb58a03d1275cfdc87ff4bbc4c20005b283681,1776573944,2026-04-19T04:45:44+00:00,0.385,clob_prices_history
50595160371163450458627399623056255966450921465584127304844415317723643207509,0xc7781eb0e4ab55dcecb64bba3cdb58a03d1275cfdc87ff4bbc4c20005b283681,1776574850,2026-04-19T05:00:50+00:00,0.385,clob_prices_history
50595160371163450458627399623056255966450921465584127304844415317723643207509,0xc7781eb0e4ab55dcecb64bba3cdb58a03d1275cfdc87ff4bbc4c20005b283681,1776575751,2026-04-19T05:15:51+00:00,0.385,clob_prices_history
50595160371163450458627399623056255966450921465584127304844415317723643207509,0xc7781eb0e4ab55dcecb64bba3cdb58a03d1275cfdc87ff4bbc4c20005b283681,1776576650,2026-04-19T05:30:50+00:00,0.385,clob_prices_history
50595160371163450458627399623056255966450921465584127304844415317723643207509,0xc7781eb0e4ab55dcecb64bba3cdb58a03d1275cfdc87ff4bbc4c20005b283681,1776577546,2026-04-19T05:45:46+00:00,0.385,clob_prices_history
50595160371163450458627399623056255966450921465584127304844415317723643207509,0xc7781eb0e4ab55dcecb64bba3cdb58a03d1275cfdc87ff4bbc4c20005b283681,1776579343,2026-04-19T06:15:43+00:00,0.385,clob_prices_history
50595160371163450458627399623056255966450921465584127304844415317723643207509,0xc7781eb0e4ab55dcecb64bba3cdb58a03d1275cfdc87ff4bbc4c20005b283681,1776580259,2026-04-19T06:30:59+00:00,0.385,clob_prices_history
50595160371163450458627399623056255966450921465584127304844415317723643207509,0xc7781eb0e4ab55dcecb64bba3cdb58a03d1275cfdc87ff4bbc4c20005b283681,1776581142,2026-04-19T06:45:42+00:00,0.385,clob_prices_history
50595160371163450458627399623056255966450921465584127304844415317723643207509,0xc7781eb0e4ab55dcecb64bba3cdb58a03d1275cfdc87ff4bbc4c20005b283681,1776582045,2026-04-19T07:00:45+00:00,0.385,clob_prices_history
50595160371163450458627399623056255966450921465584127304844415317723643207509,0xc7781eb0e4ab55dcecb64bba3cdb58a03d1275cfdc87ff4bbc4c20005b283681,1776582942,2026-04-19T07:15:42+00:00,0.385,clob_prices_history
50595160371163450458627399623056255966450921465584127304844415317723643207509,0xc7781eb0e4ab55dcecb64bba3cdb58a03d1275cfdc87ff4bbc4c20005b283681,1776583852,2026-04-19T07:30:52+00:00,0.385,clob_prices_history
50595160371163450458627399623056255966450921465584127304844415317723643207509,0xc7781eb0e4ab55dcecb64bba3cdb58a03d1275cfdc87ff4bbc4c20005b283681,1776584746,2026-04-19T07:45:46+00:00,0.385,clob_prices_history
50595160371163450458627399623056255966450921465584127304844415317723643207509,0xc7781eb0e4ab55dcecb64bba3cdb58a03d1275cfdc87ff4bbc4c20005b283681,1776586547,2026-04-19T08:15:47+00:00,0.385,clob_prices_history
50595160371163450458627399623056255966450921465584127304844415317723643207509,0xc7781eb0e4ab55dcecb64bba3cdb58a03d1275cfdc87ff4bbc4c20005b283681,1776587456,2026-04-19T08:30:56+00:00,0.385,clob_prices_history
50595160371163450458627399623056255966450921465584127304844415317723643207509,0xc7781eb0e4ab55dcecb64bba3cdb58a03d1275cfdc87ff4bbc4c20005b283681,1776588345,2026-04-19T08:45:45+00:00,0.385,clob_prices_history
50595160371163450458627399623056255966450921465584127304844415317723643207509,0xc7781eb0e4ab55dcecb64bba3cdb58a03d1275cfdc87ff4bbc4c20005b283681,1776590157,2026-04-19T09:15:57+00:00,0.385,clob_prices_history
50595160371163450458627399623056255966450921465584127304844415317723643207509,0xc7781eb0e4ab55dcecb64bba3cdb58a03d1275cfdc87ff4bbc4c20005b283681,1776591947,2026-04-19T09:45:47+00:00,0.385,clob_prices_history
50595160371163450458627399623056255966450921465584127304844415317723643207509,0xc7781eb0e4ab55dcecb64bba3cdb58a03d1275cfdc87ff4bbc4c20005b283681,1776593743,2026-04-19T10:15:43+00:00,0.385,clob_prices_history
50595160371163450458627399623056255966450921465584127304844415317723643207509,0xc7781eb0e4ab55dcecb64bba3cdb58a03d1275cfdc87ff4bbc4c20005b283681,1776595548,2026-04-19T10:45:48+00:00,0.385,clob_prices_history
50595160371163450458627399623056255966450921465584127304844415317723643207509,0xc7781eb0e4ab55dcecb64bba3cdb58a03d1275cfdc87ff4bbc4c20005b283681,1776597347,2026-04-19T11:15:47+00:00,0.385,clob_prices_history
50595160371163450458627399623056255966450921465584127304844415317723643207509,0xc7781eb0e4ab55dcecb64bba3cdb58a03d1275cfdc87ff4bbc4c20005b283681,1776599145,2026-04-19T11:45:45+00:00,0.385,clob_prices_history
50595160371163450458627399623056255966450921465584127304844415317723643207509,0xc7781eb0e4ab55dcecb64bba3cdb58a03d1275cfdc87ff4bbc4c20005b283681,1776600948,2026-04-19T12:15:48+00:00,0.385,clob_prices_history
50595160371163450458627399623056255966450921465584127304844415317723643207509,0xc7781eb0e4ab55dcecb64bba3cdb58a03d1275cfdc87ff4bbc4c20005b283681,1776601857,2026-04-19T12:30:57+00:00,0.385,clob_prices_history
50595160371163450458627399623056255966450921465584127304844415317723643207509,0xc7781eb0e4ab55dcecb64bba3cdb58a03d1275cfdc87ff4bbc4c20005b283681,1776602751,2026-04-19T12:45:51+00:00,0.385,clob_prices_history
50595160371163450458627399623056255966450921465584127304844415317723643207509,0xc7781eb0e4ab55dcecb64bba3cdb58a03d1275cfdc87ff4bbc4c20005b283681,1776604505,2026-04-19T13:15:05+00:00,0.385,clob_prices_history
50595160371163450458627399623056255966450921465584127304844415317723643207509,0xc7781eb0e4ab55dcecb64bba3cdb58a03d1275cfdc87ff4bbc4c20005b283681,1776606346,2026-04-19T13:45:46+00:00,0.385,clob_prices_history
50595160371163450458627399623056255966450921465584127304844415317723643207509,0xc7781eb0e4ab55dcecb64bba3cdb58a03d1275cfdc87ff4bbc4c20005b283681,1776608153,2026-04-19T14:15:53+00:00,0.385,clob_prices_history
50595160371163450458627399623056255966450921465584127304844415317723643207509,0xc7781eb0e4ab55dcecb64bba3cdb58a03d1275cfdc87ff4bbc4c20005b283681,1776609954,2026-04-19T14:45:54+00:00,0.385,clob_prices_history
50595160371163450458627399623056255966450921465584127304844415317723643207509,0xc7781eb0e4ab55dcecb64bba3cdb58a03d1275cfdc87ff4bbc4c20005b283681,1776611746,2026-04-19T15:15:46+00:00,0.385,clob_prices_history
50595160371163450458627399623056255966450921465584127304844415317723643207509,0xc7781eb0e4ab55dcecb64bba3cdb58a03d1275cfdc87ff4bbc4c20005b283681,1776612628,2026-04-19T15:30:28+00:00,0.385,clob_prices_history
50595160371163450458627399623056255966450921465584127304844415317723643207509,0xc7781eb0e4ab55dcecb64bba3cdb58a03d1275cfdc87ff4bbc4c20005b283681,1776613543,2026-04-19T15:45:43+00:00,0.385,clob_prices_history
50595160371163450458627399623056255966450921465584127304844415317723643207509,0xc7781eb0e4ab55dcecb64bba3cdb58a03d1275cfdc87ff4bbc4c20005b283681,1776614413,2026-04-19T16:00:13+00:00,0.33,clob_prices_history
50595160371163450458627399623056255966450921465584127304844415317723643207509,0xc7781eb0e4ab55dcecb64bba3cdb58a03d1275cfdc87ff4bbc4c20005b283681,1776615345,2026-04-19T16:15:45+00:00,0.33,clob_prices_history
50595160371163450458627399623056255966450921465584127304844415317723643207509,0xc7781eb0e4ab55dcecb64bba3cdb58a03d1275cfdc87ff4bbc4c20005b283681,1776617151,2026-04-19T16:45:51+00:00,0.33,clob_prices_history
50595160371163450458627399623056255966450921465584127304844415317723643207509,0xc7781eb0e4ab55dcecb64bba3cdb58a03d1275cfdc87ff4bbc4c20005b283681,1776618950,2026-04-19T17:15:50+00:00,0.33,clob_prices_history
50595160371163450458627399623056255966450921465584127304844415317723643207509,0xc7781eb0e4ab55dcecb64bba3cdb58a03d1275cfdc87ff4bbc4c20005b283681,1776622549,2026-04-19T18:15:49+00:00,0.325,clob_prices_history
50595160371163450458627399623056255966450921465584127304844415317723643207509,0xc7781eb0e4ab55dcecb64bba3cdb58a03d1275cfdc87ff4bbc4c20005b283681,1776624353,2026-04-19T18:45:53+00:00,0.325,clob_prices_history
50595160371163450458627399623056255966450921465584127304844415317723643207509,0xc7781eb0e4ab55dcecb64bba3cdb58a03d1275cfdc87ff4bbc4c20005b283681,1776626154,2026-04-19T19:15:54+00:00,0.325,clob_prices_history
50595160371163450458627399623056255966450921465584127304844415317723643207509,0xc7781eb0e4ab55dcecb64bba3cdb58a03d1275cfdc87ff4bbc4c20005b283681,1776627949,2026-04-19T19:45:49+00:00,0.325,clob_prices_history
50595160371163450458627399623056255966450921465584127304844415317723643207509,0xc7781eb0e4ab55dcecb64bba3cdb58a03d1275cfdc87ff4bbc4c20005b283681,1776629745,2026-04-19T20:15:45+00:00,0.325,clob_prices_history
50595160371163450458627399623056255966450921465584127304844415317723643207509,0xc7781eb0e4ab55dcecb64bba3cdb58a03d1275cfdc87ff4bbc4c20005b283681,1776631547,2026-04-19T20:45:47+00:00,0.385,clob_prices_history
50595160371163450458627399623056255966450921465584127304844415317723643207509,0xc7781eb0e4ab55dcecb64bba3cdb58a03d1275cfdc87ff4bbc4c20005b283681,1776633344,2026-04-19T21:15:44+00:00,0.385,clob_prices_history
50595160371163450458627399623056255966450921465584127304844415317723643207509,0xc7781eb0e4ab55dcecb64bba3cdb58a03d1275cfdc87ff4bbc4c20005b283681,1776635147,2026-04-19T21:45:47+00:00,0.35,clob_prices_history
50595160371163450458627399623056255966450921465584127304844415317723643207509,0xc7781eb0e4ab55dcecb64bba3cdb58a03d1275cfdc87ff4bbc4c20005b283681,1776636948,2026-04-19T22:15:48+00:00,0.38,clob_prices_history
50595160371163450458627399623056255966450921465584127304844415317723643207509,0xc7781eb0e4ab55dcecb64bba3cdb58a03d1275cfdc87ff4bbc4c20005b283681,1776638746,2026-04-19T22:45:46+00:00,0.38,clob_prices_history
50595160371163450458627399623056255966450921465584127304844415317723643207509,0xc7781eb0e4ab55dcecb64bba3cdb58a03d1275cfdc87ff4bbc4c20005b283681,1776640543,2026-04-19T23:15:43+00:00,0.38,clob_prices_history
50595160371163450458627399623056255966450921465584127304844415317723643207509,0xc7781eb0e4ab55dcecb64bba3cdb58a03d1275cfdc87ff4bbc4c20005b283681,1776641458,2026-04-19T23:30:58+00:00,0.38,clob_prices_history
50595160371163450458627399623056255966450921465584127304844415317723643207509,0xc7781eb0e4ab55dcecb64bba3cdb58a03d1275cfdc87ff4bbc4c20005b283681,1776642348,2026-04-19T23:45:48+00:00,0.38,clob_prices_history
50595160371163450458627399623056255966450921465584127304844415317723643207509,0xc7781eb0e4ab55dcecb64bba3cdb58a03d1275cfdc87ff4bbc4c20005b283681,1776644146,2026-04-20T00:15:46+00:00,0.38,clob_prices_history
50595160371163450458627399623056255966450921465584127304844415317723643207509,0xc7781eb0e4ab55dcecb64bba3cdb58a03d1275cfdc87ff4bbc4c20005b283681,1776645942,2026-04-20T00:45:42+00:00,0.38,clob_prices_history
50595160371163450458627399623056255966450921465584127304844415317723643207509,0xc7781eb0e4ab55dcecb64bba3cdb58a03d1275cfdc87ff4bbc4c20005b283681,1776646857,2026-04-20T01:00:57+00:00,0.38,clob_prices_history
50595160371163450458627399623056255966450921465584127304844415317723643207509,0xc7781eb0e4ab55dcecb64bba3cdb58a03d1275cfdc87ff4bbc4c20005b283681,1776647745,2026-04-20T01:15:45+00:00,0.38,clob_prices_history
50595160371163450458627399623056255966450921465584127304844415317723643207509,0xc7781eb0e4ab55dcecb64bba3cdb58a03d1275cfdc87ff4bbc4c20005b283681,1776648658,2026-04-20T01:30:58+00:00,0.38,clob_prices_history
50595160371163450458627399623056255966450921465584127304844415317723643207509,0xc7781eb0e4ab55dcecb64bba3cdb58a03d1275cfdc87ff4bbc4c20005b283681,1776649540,2026-04-20T01:45:40+00:00,0.38,clob_prices_history
50595160371163450458627399623056255966450921465584127304844415317723643207509,0xc7781eb0e4ab55dcecb64bba3cdb58a03d1275cfdc87ff4bbc4c20005b283681,1776650459,2026-04-20T02:00:59+00:00,0.38,clob_prices_history
50595160371163450458627399623056255966450921465584127304844415317723643207509,0xc7781eb0e4ab55dcecb64bba3cdb58a03d1275cfdc87ff4bbc4c20005b283681,1776651342,2026-04-20T02:15:42+00:00,0.38,clob_prices_history
50595160371163450458627399623056255966450921465584127304844415317723643207509,0xc7781eb0e4ab55dcecb64bba3cdb58a03d1275cfdc87ff4bbc4c20005b283681,1776652257,2026-04-20T02:30:57+00:00,0.28,clob_prices_history
50595160371163450458627399623056255966450921465584127304844415317723643207509,0xc7781eb0e4ab55dcecb64bba3cdb58a03d1275cfdc87ff4bbc4c20005b283681,1776653150,2026-04-20T02:45:50+00:00,0.32,clob_prices_history
50595160371163450458627399623056255966450921465584127304844415317723643207509,0xc7781eb0e4ab55dcecb64bba3cdb58a03d1275cfdc87ff4bbc4c20005b283681,1776654941,2026-04-20T03:15:41+00:00,0.355,clob_prices_history
50595160371163450458627399623056255966450921465584127304844415317723643207509,0xc7781eb0e4ab55dcecb64bba3cdb58a03d1275cfdc87ff4bbc4c20005b283681,1776656759,2026-04-20T03:45:59+00:00,0.36,clob_prices_history
50595160371163450458627399623056255966450921465584127304844415317723643207509,0xc7781eb0e4ab55dcecb64bba3cdb58a03d1275cfdc87ff4bbc4c20005b283681,1776657655,2026-04-20T04:00:55+00:00,0.36,clob_prices_history
50595160371163450458627399623056255966450921465584127304844415317723643207509,0xc7781eb0e4ab55dcecb64bba3cdb58a03d1275cfdc87ff4bbc4c20005b283681,1776658547,2026-04-20T04:15:47+00:00,0.36,clob_prices_history
50595160371163450458627399623056255966450921465584127304844415317723643207509,0xc7781eb0e4ab55dcecb64bba3cdb58a03d1275cfdc87ff4bbc4c20005b283681,1776660343,2026-04-20T04:45:43+00:00,0.36,clob_prices_history
50595160371163450458627399623056255966450921465584127304844415317723643207509,0xc7781eb0e4ab55dcecb64bba3cdb58a03d1275cfdc87ff4bbc4c20005b283681,1776662143,2026-04-20T05:15:43+00:00,0.36,clob_prices_history
50595160371163450458627399623056255966450921465584127304844415317723643207509,0xc7781eb0e4ab55dcecb64bba3cdb58a03d1275cfdc87ff4bbc4c20005b283681,1776663945,2026-04-20T05:45:45+00:00,0.36,clob_prices_history
50595160371163450458627399623056255966450921465584127304844415317723643207509,0xc7781eb0e4ab55dcecb64bba3cdb58a03d1275cfdc87ff4bbc4c20005b283681,1776665745,2026-04-20T06:15:45+00:00,0.36,clob_prices_history
50595160371163450458627399623056255966450921465584127304844415317723643207509,0xc7781eb0e4ab55dcecb64bba3cdb58a03d1275cfdc87ff4bbc4c20005b283681,1776667553,2026-04-20T06:45:53+00:00,0.36,clob_prices_history
50595160371163450458627399623056255966450921465584127304844415317723643207509,0xc7781eb0e4ab55dcecb64bba3cdb58a03d1275cfdc87ff4bbc4c20005b283681,1776668459,2026-04-20T07:00:59+00:00,0.36,clob_prices_history
50595160371163450458627399623056255966450921465584127304844415317723643207509,0xc7781eb0e4ab55dcecb64bba3cdb58a03d1275cfdc87ff4bbc4c20005b283681,1776669345,2026-04-20T07:15:45+00:00,0.36,clob_prices_history
50595160371163450458627399623056255966450921465584127304844415317723643207509,0xc7781eb0e4ab55dcecb64bba3cdb58a03d1275cfdc87ff4bbc4c20005b283681,1776672952,2026-04-20T08:15:52+00:00,0.375,clob_prices_history
50595160371163450458627399623056255966450921465584127304844415317723643207509,0xc7781eb0e4ab55dcecb64bba3cdb58a03d1275cfdc87ff4bbc4c20005b283681,1776673800,2026-04-20T08:30:00+00:00,0.375,clob_prices_history
50595160371163450458627399623056255966450921465584127304844415317723643207509,0xc7781eb0e4ab55dcecb64bba3cdb58a03d1275cfdc87ff4bbc4c20005b283681,1776674700,2026-04-20T08:45:00+00:00,0.375,clob_prices_history
50595160371163450458627399623056255966450921465584127304844415317723643207509,0xc7781eb0e4ab55dcecb64bba3cdb58a03d1275cfdc87ff4bbc4c20005b283681,1776676504,2026-04-20T09:15:04+00:00,0.375,clob_prices_history
50595160371163450458627399623056255966450921465584127304844415317723643207509,0xc7781eb0e4ab55dcecb64bba3cdb58a03d1275cfdc87ff4bbc4c20005b283681,1776678350,2026-04-20T09:45:50+00:00,0.375,clob_prices_history
50595160371163450458627399623056255966450921465584127304844415317723643207509,0xc7781eb0e4ab55dcecb64bba3cdb58a03d1275cfdc87ff4bbc4c20005b283681,1776680147,2026-04-20T10:15:47+00:00,0.375,clob_prices_history
50595160371163450458627399623056255966450921465584127304844415317723643207509,0xc7781eb0e4ab55dcecb64bba3cdb58a03d1275cfdc87ff4bbc4c20005b283681,1776681057,2026-04-20T10:30:57+00:00,0.375,clob_prices_history
50595160371163450458627399623056255966450921465584127304844415317723643207509,0xc7781eb0e4ab55dcecb64bba3cdb58a03d1275cfdc87ff4bbc4c20005b283681,1776685552,2026-04-20T11:45:52+00:00,0.265,clob_prices_history
50595160371163450458627399623056255966450921465584127304844415317723643207509,0xc7781eb0e4ab55dcecb64bba3cdb58a03d1275cfdc87ff4bbc4c20005b283681,1776687353,2026-04-20T12:15:53+00:00,0.305,clob_prices_history
50595160371163450458627399623056255966450921465584127304844415317723643207509,0xc7781eb0e4ab55dcecb64bba3cdb58a03d1275cfdc87ff4bbc4c20005b283681,1776689154,2026-04-20T12:45:54+00:00,0.305,clob_prices_history
50595160371163450458627399623056255966450921465584127304844415317723643207509,0xc7781eb0e4ab55dcecb64bba3cdb58a03d1275cfdc87ff4bbc4c20005b283681,1776690004,2026-04-20T13:00:04+00:00,0.325,clob_prices_history
50595160371163450458627399623056255966450921465584127304844415317723643207509,0xc7781eb0e4ab55dcecb64bba3cdb58a03d1275cfdc87ff4bbc4c20005b283681,1776690953,2026-04-20T13:15:53+00:00,0.325,clob_prices_history
50595160371163450458627399623056255966450921465584127304844415317723643207509,0xc7781eb0e4ab55dcecb64bba3cdb58a03d1275cfdc87ff4bbc4c20005b283681,1776691810,2026-04-20T13:30:10+00:00,0.325,clob_prices_history
50595160371163450458627399623056255966450921465584127304844415317723643207509,0xc7781eb0e4ab55dcecb64bba3cdb58a03d1275cfdc87ff4bbc4c20005b283681,1776692706,2026-04-20T13:45:06+00:00,0.325,clob_prices_history
50595160371163450458627399623056255966450921465584127304844415317723643207509,0xc7781eb0e4ab55dcecb64bba3cdb58a03d1275cfdc87ff4bbc4c20005b283681,1776694553,2026-04-20T14:15:53+00:00,0.345,clob_prices_history
50595160371163450458627399623056255966450921465584127304844415317723643207509,0xc7781eb0e4ab55dcecb64bba3cdb58a03d1275cfdc87ff4bbc4c20005b283681,1776695458,2026-04-20T14:30:58+00:00,0.29,clob_prices_history
50595160371163450458627399623056255966450921465584127304844415317723643207509,0xc7781eb0e4ab55dcecb64bba3cdb58a03d1275cfdc87ff4bbc4c20005b283681,1776703516,2026-04-20T16:45:16+00:00,0.335,clob_prices_history
50595160371163450458627399623056255966450921465584127304844415317723643207509,0xc7781eb0e4ab55dcecb64bba3cdb58a03d1275cfdc87ff4bbc4c20005b283681,1776707121,2026-04-20T17:45:21+00:00,0.33,clob_prices_history
50595160371163450458627399623056255966450921465584127304844415317723643207509,0xc7781eb0e4ab55dcecb64bba3cdb58a03d1275cfdc87ff4bbc4c20005b283681,1776708946,2026-04-20T18:15:46+00:00,0.33,clob_prices_history
50595160371163450458627399623056255966450921465584127304844415317723643207509,0xc7781eb0e4ab55dcecb64bba3cdb58a03d1275cfdc87ff4bbc4c20005b283681,1776710706,2026-04-20T18:45:06+00:00,0.33,clob_prices_history
50595160371163450458627399623056255966450921465584127304844415317723643207509,0xc7781eb0e4ab55dcecb64bba3cdb58a03d1275cfdc87ff4bbc4c20005b283681,1776713429,2026-04-20T19:30:29+00:00,0.33,clob_prices_history
50595160371163450458627399623056255966450921465584127304844415317723643207509,0xc7781eb0e4ab55dcecb64bba3cdb58a03d1275cfdc87ff4bbc4c20005b283681,1776714300,2026-04-20T19:45:00+00:00,0.33,clob_prices_history
50595160371163450458627399623056255966450921465584127304844415317723643207509,0xc7781eb0e4ab55dcecb64bba3cdb58a03d1275cfdc87ff4bbc4c20005b283681,1776714355,2026-04-20T19:45:55+00:00,0.33,clob_prices_history
50595160371163450458627399623056255966450921465584127304844415317723643207509,0xc7781eb0e4ab55dcecb64bba3cdb58a03d1275cfdc87ff4bbc4c20005b283681,1776715257,2026-04-20T20:00:57+00:00,0.33,clob_prices_history
50595160371163450458627399623056255966450921465584127304844415317723643207509,0xc7781eb0e4ab55dcecb64bba3cdb58a03d1275cfdc87ff4bbc4c20005b283681,1776716159,2026-04-20T20:15:59+00:00,0.33,clob_prices_history
50595160371163450458627399623056255966450921465584127304844415317723643207509,0xc7781eb0e4ab55dcecb64bba3cdb58a03d1275cfdc87ff4bbc4c20005b283681,1776717058,2026-04-20T20:30:58+00:00,0.33,clob_prices_history
50595160371163450458627399623056255966450921465584127304844415317723643207509,0xc7781eb0e4ab55dcecb64bba3cdb58a03d1275cfdc87ff4bbc4c20005b283681,1776717949,2026-04-20T20:45:49+00:00,0.335,clob_prices_history
50595160371163450458627399623056255966450921465584127304844415317723643207509,0xc7781eb0e4ab55dcecb64bba3cdb58a03d1275cfdc87ff4bbc4c20005b283681,1776718819,2026-04-20T21:00:19+00:00,0.335,clob_prices_history
50595160371163450458627399623056255966450921465584127304844415317723643207509,0xc7781eb0e4ab55dcecb64bba3cdb58a03d1275cfdc87ff4bbc4c20005b283681,1776719751,2026-04-20T21:15:51+00:00,0.34,clob_prices_history
50595160371163450458627399623056255966450921465584127304844415317723643207509,0xc7781eb0e4ab55dcecb64bba3cdb58a03d1275cfdc87ff4bbc4c20005b283681,1776721549,2026-04-20T21:45:49+00:00,0.335,clob_prices_history
50595160371163450458627399623056255966450921465584127304844415317723643207509,0xc7781eb0e4ab55dcecb64bba3cdb58a03d1275cfdc87ff4bbc4c20005b283681,1776723346,2026-04-20T22:15:46+00:00,0.335,clob_prices_history
50595160371163450458627399623056255966450921465584127304844415317723643207509,0xc7781eb0e4ab55dcecb64bba3cdb58a03d1275cfdc87ff4bbc4c20005b283681,1776725158,2026-04-20T22:45:58+00:00,0.335,clob_prices_history
50595160371163450458627399623056255966450921465584127304844415317723643207509,0xc7781eb0e4ab55dcecb64bba3cdb58a03d1275cfdc87ff4bbc4c20005b283681,1776726953,2026-04-20T23:15:53+00:00,0.335,clob_prices_history
50595160371163450458627399623056255966450921465584127304844415317723643207509,0xc7781eb0e4ab55dcecb64bba3cdb58a03d1275cfdc87ff4bbc4c20005b283681,1776728735,2026-04-20T23:45:35+00:00,0.33,clob_prices_history
50595160371163450458627399623056255966450921465584127304844415317723643207509,0xc7781eb0e4ab55dcecb64bba3cdb58a03d1275cfdc87ff4bbc4c20005b283681,1776730557,2026-04-21T00:15:57+00:00,0.33,clob_prices_history
50595160371163450458627399623056255966450921465584127304844415317723643207509,0xc7781eb0e4ab55dcecb64bba3cdb58a03d1275cfdc87ff4bbc4c20005b283681,1776732356,2026-04-21T00:45:56+00:00,0.33,clob_prices_history
50595160371163450458627399623056255966450921465584127304844415317723643207509,0xc7781eb0e4ab55dcecb64bba3cdb58a03d1275cfdc87ff4bbc4c20005b283681,1776734122,2026-04-21T01:15:22+00:00,0.33,clob_prices_history
50595160371163450458627399623056255966450921465584127304844415317723643207509,0xc7781eb0e4ab55dcecb64bba3cdb58a03d1275cfdc87ff4bbc4c20005b283681,1776735059,2026-04-21T01:30:59+00:00,0.33,clob_prices_history
50595160371163450458627399623056255966450921465584127304844415317723643207509,0xc7781eb0e4ab55dcecb64bba3cdb58a03d1275cfdc87ff4bbc4c20005b283681,1776737747,2026-04-21T02:15:47+00:00,0.33,clob_prices_history
50595160371163450458627399623056255966450921465584127304844415317723643207509,0xc7781eb0e4ab55dcecb64bba3cdb58a03d1275cfdc87ff4bbc4c20005b283681,1776738622,2026-04-21T02:30:22+00:00,0.33,clob_prices_history
50595160371163450458627399623056255966450921465584127304844415317723643207509,0xc7781eb0e4ab55dcecb64bba3cdb58a03d1275cfdc87ff4bbc4c20005b283681,1776739558,2026-04-21T02:45:58+00:00,0.33,clob_prices_history
50595160371163450458627399623056255966450921465584127304844415317723643207509,0xc7781eb0e4ab55dcecb64bba3cdb58a03d1275cfdc87ff4bbc4c20005b283681,1776741350,2026-04-21T03:15:50+00:00,0.33,clob_prices_history
50595160371163450458627399623056255966450921465584127304844415317723643207509,0xc7781eb0e4ab55dcecb64bba3cdb58a03d1275cfdc87ff4bbc4c20005b283681,1776742253,2026-04-21T03:30:53+00:00,0.33,clob_prices_history
50595160371163450458627399623056255966450921465584127304844415317723643207509,0xc7781eb0e4ab55dcecb64bba3cdb58a03d1275cfdc87ff4bbc4c20005b283681,1776743145,2026-04-21T03:45:45+00:00,0.33,clob_prices_history
50595160371163450458627399623056255966450921465584127304844415317723643207509,0xc7781eb0e4ab55dcecb64bba3cdb58a03d1275cfdc87ff4bbc4c20005b283681,1776744052,2026-04-21T04:00:52+00:00,0.33,clob_prices_history
50595160371163450458627399623056255966450921465584127304844415317723643207509,0xc7781eb0e4ab55dcecb64bba3cdb58a03d1275cfdc87ff4bbc4c20005b283681,1776744952,2026-04-21T04:15:52+00:00,0.33,clob_prices_history
50595160371163450458627399623056255966450921465584127304844415317723643207509,0xc7781eb0e4ab55dcecb64bba3cdb58a03d1275cfdc87ff4bbc4c20005b283681,1776745856,2026-04-21T04:30:56+00:00,0.33,clob_prices_history
50595160371163450458627399623056255966450921465584127304844415317723643207509,0xc7781eb0e4ab55dcecb64bba3cdb58a03d1275cfdc87ff4bbc4c20005b283681,1776746750,2026-04-21T04:45:50+00:00,0.33,clob_prices_history
50595160371163450458627399623056255966450921465584127304844415317723643207509,0xc7781eb0e4ab55dcecb64bba3cdb58a03d1275cfdc87ff4bbc4c20005b283681,1776748547,2026-04-21T05:15:47+00:00,0.33,clob_prices_history
50595160371163450458627399623056255966450921465584127304844415317723643207509,0xc7781eb0e4ab55dcecb64bba3cdb58a03d1275cfdc87ff4bbc4c20005b283681,1776750346,2026-04-21T05:45:46+00:00,0.335,clob_prices_history
50595160371163450458627399623056255966450921465584127304844415317723643207509,0xc7781eb0e4ab55dcecb64bba3cdb58a03d1275cfdc87ff4bbc4c20005b283681,1776752148,2026-04-21T06:15:48+00:00,0.335,clob_prices_history
50595160371163450458627399623056255966450921465584127304844415317723643207509,0xc7781eb0e4ab55dcecb64bba3cdb58a03d1275cfdc87ff4bbc4c20005b283681,1776753948,2026-04-21T06:45:48+00:00,0.335,clob_prices_history
50595160371163450458627399623056255966450921465584127304844415317723643207509,0xc7781eb0e4ab55dcecb64bba3cdb58a03d1275cfdc87ff4bbc4c20005b283681,1776755746,2026-04-21T07:15:46+00:00,0.335,clob_prices_history
50595160371163450458627399623056255966450921465584127304844415317723643207509,0xc7781eb0e4ab55dcecb64bba3cdb58a03d1275cfdc87ff4bbc4c20005b283681,1776757550,2026-04-21T07:45:50+00:00,0.335,clob_prices_history
50595160371163450458627399623056255966450921465584127304844415317723643207509,0xc7781eb0e4ab55dcecb64bba3cdb58a03d1275cfdc87ff4bbc4c20005b283681,1776758422,2026-04-21T08:00:22+00:00,0.335,clob_prices_history
50595160371163450458627399623056255966450921465584127304844415317723643207509,0xc7781eb0e4ab55dcecb64bba3cdb58a03d1275cfdc87ff4bbc4c20005b283681,1776761151,2026-04-21T08:45:51+00:00,0.335,clob_prices_history
50595160371163450458627399623056255966450921465584127304844415317723643207509,0xc7781eb0e4ab55dcecb64bba3cdb58a03d1275cfdc87ff4bbc4c20005b283681,1776762949,2026-04-21T09:15:49+00:00,0.335,clob_prices_history
50595160371163450458627399623056255966450921465584127304844415317723643207509,0xc7781eb0e4ab55dcecb64bba3cdb58a03d1275cfdc87ff4bbc4c20005b283681,1776764721,2026-04-21T09:45:21+00:00,0.345,clob_prices_history
50595160371163450458627399623056255966450921465584127304844415317723643207509,0xc7781eb0e4ab55dcecb64bba3cdb58a03d1275cfdc87ff4bbc4c20005b283681,1776765636,2026-04-21T10:00:36+00:00,0.345,clob_prices_history
50595160371163450458627399623056255966450921465584127304844415317723643207509,0xc7781eb0e4ab55dcecb64bba3cdb58a03d1275cfdc87ff4bbc4c20005b283681,1776766513,2026-04-21T10:15:13+00:00,0.345,clob_prices_history
50595160371163450458627399623056255966450921465584127304844415317723643207509,0xc7781eb0e4ab55dcecb64bba3cdb58a03d1275cfdc87ff4bbc4c20005b283681,1776767431,2026-04-21T10:30:31+00:00,0.355,clob_prices_history
50595160371163450458627399623056255966450921465584127304844415317723643207509,0xc7781eb0e4ab55dcecb64bba3cdb58a03d1275cfdc87ff4bbc4c20005b283681,1776768308,2026-04-21T10:45:08+00:00,0.355,clob_prices_history
50595160371163450458627399623056255966450921465584127304844415317723643207509,0xc7781eb0e4ab55dcecb64bba3cdb58a03d1275cfdc87ff4bbc4c20005b283681,1776770118,2026-04-21T11:15:18+00:00,0.355,clob_prices_history
50595160371163450458627399623056255966450921465584127304844415317723643207509,0xc7781eb0e4ab55dcecb64bba3cdb58a03d1275cfdc87ff4bbc4c20005b283681,1776771057,2026-04-21T11:30:57+00:00,0.355,clob_prices_history
50595160371163450458627399623056255966450921465584127304844415317723643207509,0xc7781eb0e4ab55dcecb64bba3cdb58a03d1275cfdc87ff4bbc4c20005b283681,1776771946,2026-04-21T11:45:46+00:00,0.355,clob_prices_history
50595160371163450458627399623056255966450921465584127304844415317723643207509,0xc7781eb0e4ab55dcecb64bba3cdb58a03d1275cfdc87ff4bbc4c20005b283681,1776773706,2026-04-21T12:15:06+00:00,0.355,clob_prices_history
50595160371163450458627399623056255966450921465584127304844415317723643207509,0xc7781eb0e4ab55dcecb64bba3cdb58a03d1275cfdc87ff4bbc4c20005b283681,1776775555,2026-04-21T12:45:55+00:00,0.375,clob_prices_history
50595160371163450458627399623056255966450921465584127304844415317723643207509,0xc7781eb0e4ab55dcecb64bba3cdb58a03d1275cfdc87ff4bbc4c20005b283681,1776777312,2026-04-21T13:15:12+00:00,0.375,clob_prices_history
50595160371163450458627399623056255966450921465584127304844415317723643207509,0xc7781eb0e4ab55dcecb64bba3cdb58a03d1275cfdc87ff4bbc4c20005b283681,1776778216,2026-04-21T13:30:16+00:00,0.375,clob_prices_history
50595160371163450458627399623056255966450921465584127304844415317723643207509,0xc7781eb0e4ab55dcecb64bba3cdb58a03d1275cfdc87ff4bbc4c20005b283681,1776779153,2026-04-21T13:45:53+00:00,0.375,clob_prices_history
50595160371163450458627399623056255966450921465584127304844415317723643207509,0xc7781eb0e4ab55dcecb64bba3cdb58a03d1275cfdc87ff4bbc4c20005b283681,1776780036,2026-04-21T14:00:36+00:00,0.375,clob_prices_history
50595160371163450458627399623056255966450921465584127304844415317723643207509,0xc7781eb0e4ab55dcecb64bba3cdb58a03d1275cfdc87ff4bbc4c20005b283681,1776780945,2026-04-21T14:15:45+00:00,0.38,clob_prices_history
50595160371163450458627399623056255966450921465584127304844415317723643207509,0xc7781eb0e4ab55dcecb64bba3cdb58a03d1275cfdc87ff4bbc4c20005b283681,1776781807,2026-04-21T14:30:07+00:00,0.38,clob_prices_history
50595160371163450458627399623056255966450921465584127304844415317723643207509,0xc7781eb0e4ab55dcecb64bba3cdb58a03d1275cfdc87ff4bbc4c20005b283681,1776782755,2026-04-21T14:45:55+00:00,0.38,clob_prices_history
50595160371163450458627399623056255966450921465584127304844415317723643207509,0xc7781eb0e4ab55dcecb64bba3cdb58a03d1275cfdc87ff4bbc4c20005b283681,1776784524,2026-04-21T15:15:24+00:00,0.375,clob_prices_history
50595160371163450458627399623056255966450921465584127304844415317723643207509,0xc7781eb0e4ab55dcecb64bba3cdb58a03d1275cfdc87ff4bbc4c20005b283681,1776785431,2026-04-21T15:30:31+00:00,0.375,clob_prices_history
50595160371163450458627399623056255966450921465584127304844415317723643207509,0xc7781eb0e4ab55dcecb64bba3cdb58a03d1275cfdc87ff4bbc4c20005b283681,1776788123,2026-04-21T16:15:23+00:00,0.375,clob_prices_history
50595160371163450458627399623056255966450921465584127304844415317723643207509,0xc7781eb0e4ab55dcecb64bba3cdb58a03d1275cfdc87ff4bbc4c20005b283681,1776789925,2026-04-21T16:45:25+00:00,0.375,clob_prices_history
50595160371163450458627399623056255966450921465584127304844415317723643207509,0xc7781eb0e4ab55dcecb64bba3cdb58a03d1275cfdc87ff4bbc4c20005b283681,1776790827,2026-04-21T17:00:27+00:00,0.38,clob_prices_history
50595160371163450458627399623056255966450921465584127304844415317723643207509,0xc7781eb0e4ab55dcecb64bba3cdb58a03d1275cfdc87ff4bbc4c20005b283681,1776791758,2026-04-21T17:15:58+00:00,0.38,clob_prices_history
50595160371163450458627399623056255966450921465584127304844415317723643207509,0xc7781eb0e4ab55dcecb64bba3cdb58a03d1275cfdc87ff4bbc4c20005b283681,1776793518,2026-04-21T17:45:18+00:00,0.375,clob_prices_history
50595160371163450458627399623056255966450921465584127304844415317723643207509,0xc7781eb0e4ab55dcecb64bba3cdb58a03d1275cfdc87ff4bbc4c20005b283681,1776794457,2026-04-21T18:00:57+00:00,0.375,clob_prices_history
50595160371163450458627399623056255966450921465584127304844415317723643207509,0xc7781eb0e4ab55dcecb64bba3cdb58a03d1275cfdc87ff4bbc4c20005b283681,1776795320,2026-04-21T18:15:20+00:00,0.38,clob_prices_history
50595160371163450458627399623056255966450921465584127304844415317723643207509,0xc7781eb0e4ab55dcecb64bba3cdb58a03d1275cfdc87ff4bbc4c20005b283681,1776796202,2026-04-21T18:30:02+00:00,0.38,clob_prices_history
50595160371163450458627399623056255966450921465584127304844415317723643207509,0xc7781eb0e4ab55dcecb64bba3cdb58a03d1275cfdc87ff4bbc4c20005b283681,1776797127,2026-04-21T18:45:27+00:00,0.38,clob_prices_history
50595160371163450458627399623056255966450921465584127304844415317723643207509,0xc7781eb0e4ab55dcecb64bba3cdb58a03d1275cfdc87ff4bbc4c20005b283681,1776798045,2026-04-21T19:00:45+00:00,0.38,clob_prices_history
50595160371163450458627399623056255966450921465584127304844415317723643207509,0xc7781eb0e4ab55dcecb64bba3cdb58a03d1275cfdc87ff4bbc4c20005b283681,1776798913,2026-04-21T19:15:13+00:00,0.38,clob_prices_history
50595160371163450458627399623056255966450921465584127304844415317723643207509,0xc7781eb0e4ab55dcecb64bba3cdb58a03d1275cfdc87ff4bbc4c20005b283681,1776800738,2026-04-21T19:45:38+00:00,0.38,clob_prices_history
50595160371163450458627399623056255966450921465584127304844415317723643207509,0xc7781eb0e4ab55dcecb64bba3cdb58a03d1275cfdc87ff4bbc4c20005b283681,1776801618,2026-04-21T20:00:18+00:00,0.38,clob_prices_history
50595160371163450458627399623056255966450921465584127304844415317723643207509,0xc7781eb0e4ab55dcecb64bba3cdb58a03d1275cfdc87ff4bbc4c20005b283681,1776802512,2026-04-21T20:15:12+00:00,0.38,clob_prices_history
50595160371163450458627399623056255966450921465584127304844415317723643207509,0xc7781eb0e4ab55dcecb64bba3cdb58a03d1275cfdc87ff4bbc4c20005b283681,1776803400,2026-04-21T20:30:00+00:00,0.38,clob_prices_history
50595160371163450458627399623056255966450921465584127304844415317723643207509,0xc7781eb0e4ab55dcecb64bba3cdb58a03d1275cfdc87ff4bbc4c20005b283681,1776804318,2026-04-21T20:45:18+00:00,0.38,clob_prices_history
50595160371163450458627399623056255966450921465584127304844415317723643207509,0xc7781eb0e4ab55dcecb64bba3cdb58a03d1275cfdc87ff4bbc4c20005b283681,1776805221,2026-04-21T21:00:21+00:00,0.38,clob_prices_history
50595160371163450458627399623056255966450921465584127304844415317723643207509,0xc7781eb0e4ab55dcecb64bba3cdb58a03d1275cfdc87ff4bbc4c20005b283681,1776806127,2026-04-21T21:15:27+00:00,0.38,clob_prices_history
50595160371163450458627399623056255966450921465584127304844415317723643207509,0xc7781eb0e4ab55dcecb64bba3cdb58a03d1275cfdc87ff4bbc4c20005b283681,1776807920,2026-04-21T21:45:20+00:00,0.38,clob_prices_history
50595160371163450458627399623056255966450921465584127304844415317723643207509,0xc7781eb0e4ab55dcecb64bba3cdb58a03d1275cfdc87ff4bbc4c20005b283681,1776808841,2026-04-21T22:00:41+00:00,0.38,clob_prices_history
50595160371163450458627399623056255966450921465584127304844415317723643207509,0xc7781eb0e4ab55dcecb64bba3cdb58a03d1275cfdc87ff4bbc4c20005b283681,1776809700,2026-04-21T22:15:00+00:00,0.38,clob_prices_history
50595160371163450458627399623056255966450921465584127304844415317723643207509,0xc7781eb0e4ab55dcecb64bba3cdb58a03d1275cfdc87ff4bbc4c20005b283681,1776810638,2026-04-21T22:30:38+00:00,0.38,clob_prices_history
50595160371163450458627399623056255966450921465584127304844415317723643207509,0xc7781eb0e4ab55dcecb64bba3cdb58a03d1275cfdc87ff4bbc4c20005b283681,1776811548,2026-04-21T22:45:48+00:00,0.375,clob_prices_history
50595160371163450458627399623056255966450921465584127304844415317723643207509,0xc7781eb0e4ab55dcecb64bba3cdb58a03d1275cfdc87ff4bbc4c20005b283681,1776812444,2026-04-21T23:00:44+00:00,0.375,clob_prices_history
50595160371163450458627399623056255966450921465584127304844415317723643207509,0xc7781eb0e4ab55dcecb64bba3cdb58a03d1275cfdc87ff4bbc4c20005b283681,1776813305,2026-04-21T23:15:05+00:00,0.375,clob_prices_history
50595160371163450458627399623056255966450921465584127304844415317723643207509,0xc7781eb0e4ab55dcecb64bba3cdb58a03d1275cfdc87ff4bbc4c20005b283681,1776814207,2026-04-21T23:30:07+00:00,0.375,clob_prices_history
50595160371163450458627399623056255966450921465584127304844415317723643207509,0xc7781eb0e4ab55dcecb64bba3cdb58a03d1275cfdc87ff4bbc4c20005b283681,1776815104,2026-04-21T23:45:04+00:00,0.38,clob_prices_history
50595160371163450458627399623056255966450921465584127304844415317723643207509,0xc7781eb0e4ab55dcecb64bba3cdb58a03d1275cfdc87ff4bbc4c20005b283681,1776816009,2026-04-22T00:00:09+00:00,0.375,clob_prices_history
50595160371163450458627399623056255966450921465584127304844415317723643207509,0xc7781eb0e4ab55dcecb64bba3cdb58a03d1275cfdc87ff4bbc4c20005b283681,1776816906,2026-04-22T00:15:06+00:00,0.375,clob_prices_history
50595160371163450458627399623056255966450921465584127304844415317723643207509,0xc7781eb0e4ab55dcecb64bba3cdb58a03d1275cfdc87ff4bbc4c20005b283681,1776817805,2026-04-22T00:30:05+00:00,0.375,clob_prices_history
50595160371163450458627399623056255966450921465584127304844415317723643207509,0xc7781eb0e4ab55dcecb64bba3cdb58a03d1275cfdc87ff4bbc4c20005b283681,1776818707,2026-04-22T00:45:07+00:00,0.375,clob_prices_history
50595160371163450458627399623056255966450921465584127304844415317723643207509,0xc7781eb0e4ab55dcecb64bba3cdb58a03d1275cfdc87ff4bbc4c20005b283681,1776819606,2026-04-22T01:00:06+00:00,0.375,clob_prices_history
50595160371163450458627399623056255966450921465584127304844415317723643207509,0xc7781eb0e4ab55dcecb64bba3cdb58a03d1275cfdc87ff4bbc4c20005b283681,1776820508,2026-04-22T01:15:08+00:00,0.375,clob_prices_history
50595160371163450458627399623056255966450921465584127304844415317723643207509,0xc7781eb0e4ab55dcecb64bba3cdb58a03d1275cfdc87ff4bbc4c20005b283681,1776821406,2026-04-22T01:30:06+00:00,0.375,clob_prices_history
50595160371163450458627399623056255966450921465584127304844415317723643207509,0xc7781eb0e4ab55dcecb64bba3cdb58a03d1275cfdc87ff4bbc4c20005b283681,1776822308,2026-04-22T01:45:08+00:00,0.375,clob_prices_history
50595160371163450458627399623056255966450921465584127304844415317723643207509,0xc7781eb0e4ab55dcecb64bba3cdb58a03d1275cfdc87ff4bbc4c20005b283681,1776823207,2026-04-22T02:00:07+00:00,0.375,clob_prices_history
50595160371163450458627399623056255966450921465584127304844415317723643207509,0xc7781eb0e4ab55dcecb64bba3cdb58a03d1275cfdc87ff4bbc4c20005b283681,1776824106,2026-04-22T02:15:06+00:00,0.375,clob_prices_history
50595160371163450458627399623056255966450921465584127304844415317723643207509,0xc7781eb0e4ab55dcecb64bba3cdb58a03d1275cfdc87ff4bbc4c20005b283681,1776825006,2026-04-22T02:30:06+00:00,0.375,clob_prices_history
50595160371163450458627399623056255966450921465584127304844415317723643207509,0xc7781eb0e4ab55dcecb64bba3cdb58a03d1275cfdc87ff4bbc4c20005b283681,1776825904,2026-04-22T02:45:04+00:00,0.375,clob_prices_history
50595160371163450458627399623056255966450921465584127304844415317723643207509,0xc7781eb0e4ab55dcecb64bba3cdb58a03d1275cfdc87ff4bbc4c20005b283681,1776826806,2026-04-22T03:00:06+00:00,0.375,clob_prices_history
50595160371163450458627399623056255966450921465584127304844415317723643207509,0xc7781eb0e4ab55dcecb64bba3cdb58a03d1275cfdc87ff4bbc4c20005b283681,1776827708,2026-04-22T03:15:08+00:00,0.375,clob_prices_history
50595160371163450458627399623056255966450921465584127304844415317723643207509,0xc7781eb0e4ab55dcecb64bba3cdb58a03d1275cfdc87ff4bbc4c20005b283681,1776828606,2026-04-22T03:30:06+00:00,0.375,clob_prices_history
50595160371163450458627399623056255966450921465584127304844415317723643207509,0xc7781eb0e4ab55dcecb64bba3cdb58a03d1275cfdc87ff4bbc4c20005b283681,1776829508,2026-04-22T03:45:08+00:00,0.375,clob_prices_history
50595160371163450458627399623056255966450921465584127304844415317723643207509,0xc7781eb0e4ab55dcecb64bba3cdb58a03d1275cfdc87ff4bbc4c20005b283681,1776830406,2026-04-22T04:00:06+00:00,0.375,clob_prices_history
50595160371163450458627399623056255966450921465584127304844415317723643207509,0xc7781eb0e4ab55dcecb64bba3cdb58a03d1275cfdc87ff4bbc4c20005b283681,1776831305,2026-04-22T04:15:05+00:00,0.375,clob_prices_history
50595160371163450458627399623056255966450921465584127304844415317723643207509,0xc7781eb0e4ab55dcecb64bba3cdb58a03d1275cfdc87ff4bbc4c20005b283681,1776832206,2026-04-22T04:30:06+00:00,0.375,clob_prices_history
50595160371163450458627399623056255966450921465584127304844415317723643207509,0xc7781eb0e4ab55dcecb64bba3cdb58a03d1275cfdc87ff4bbc4c20005b283681,1776833105,2026-04-22T04:45:05+00:00,0.375,clob_prices_history
50595160371163450458627399623056255966450921465584127304844415317723643207509,0xc7781eb0e4ab55dcecb64bba3cdb58a03d1275cfdc87ff4bbc4c20005b283681,1776834007,2026-04-22T05:00:07+00:00,0.375,clob_prices_history
50595160371163450458627399623056255966450921465584127304844415317723643207509,0xc7781eb0e4ab55dcecb64bba3cdb58a03d1275cfdc87ff4bbc4c20005b283681,1776834906,2026-04-22T05:15:06+00:00,0.375,clob_prices_history
50595160371163450458627399623056255966450921465584127304844415317723643207509,0xc7781eb0e4ab55dcecb64bba3cdb58a03d1275cfdc87ff4bbc4c20005b283681,1776835807,2026-04-22T05:30:07+00:00,0.375,clob_prices_history
50595160371163450458627399623056255966450921465584127304844415317723643207509,0xc7781eb0e4ab55dcecb64bba3cdb58a03d1275cfdc87ff4bbc4c20005b283681,1776836708,2026-04-22T05:45:08+00:00,0.375,clob_prices_history
50595160371163450458627399623056255966450921465584127304844415317723643207509,0xc7781eb0e4ab55dcecb64bba3cdb58a03d1275cfdc87ff4bbc4c20005b283681,1776837609,2026-04-22T06:00:09+00:00,0.375,clob_prices_history
50595160371163450458627399623056255966450921465584127304844415317723643207509,0xc7781eb0e4ab55dcecb64bba3cdb58a03d1275cfdc87ff4bbc4c20005b283681,1776838506,2026-04-22T06:15:06+00:00,0.375,clob_prices_history
50595160371163450458627399623056255966450921465584127304844415317723643207509,0xc7781eb0e4ab55dcecb64bba3cdb58a03d1275cfdc87ff4bbc4c20005b283681,1776839406,2026-04-22T06:30:06+00:00,0.375,clob_prices_history
50595160371163450458627399623056255966450921465584127304844415317723643207509,0xc7781eb0e4ab55dcecb64bba3cdb58a03d1275cfdc87ff4bbc4c20005b283681,1776840306,2026-04-22T06:45:06+00:00,0.375,clob_prices_history
50595160371163450458627399623056255966450921465584127304844415317723643207509,0xc7781eb0e4ab55dcecb64bba3cdb58a03d1275cfdc87ff4bbc4c20005b283681,1776841206,2026-04-22T07:00:06+00:00,0.375,clob_prices_history
50595160371163450458627399623056255966450921465584127304844415317723643207509,0xc7781eb0e4ab55dcecb64bba3cdb58a03d1275cfdc87ff4bbc4c20005b283681,1776842104,2026-04-22T07:15:04+00:00,0.375,clob_prices_history
50595160371163450458627399623056255966450921465584127304844415317723643207509,0xc7781eb0e4ab55dcecb64bba3cdb58a03d1275cfdc87ff4bbc4c20005b283681,1776843008,2026-04-22T07:30:08+00:00,0.375,clob_prices_history
50595160371163450458627399623056255966450921465584127304844415317723643207509,0xc7781eb0e4ab55dcecb64bba3cdb58a03d1275cfdc87ff4bbc4c20005b283681,1776843906,2026-04-22T07:45:06+00:00,0.375,clob_prices_history
50595160371163450458627399623056255966450921465584127304844415317723643207509,0xc7781eb0e4ab55dcecb64bba3cdb58a03d1275cfdc87ff4bbc4c20005b283681,1776844806,2026-04-22T08:00:06+00:00,0.375,clob_prices_history
50595160371163450458627399623056255966450921465584127304844415317723643207509,0xc7781eb0e4ab55dcecb64bba3cdb58a03d1275cfdc87ff4bbc4c20005b283681,1776845704,2026-04-22T08:15:04+00:00,0.375,clob_prices_history
50595160371163450458627399623056255966450921465584127304844415317723643207509,0xc7781eb0e4ab55dcecb64bba3cdb58a03d1275cfdc87ff4bbc4c20005b283681,1776846607,2026-04-22T08:30:07+00:00,0.425,clob_prices_history
50595160371163450458627399623056255966450921465584127304844415317723643207509,0xc7781eb0e4ab55dcecb64bba3cdb58a03d1275cfdc87ff4bbc4c20005b283681,1776847505,2026-04-22T08:45:05+00:00,0.425,clob_prices_history
50595160371163450458627399623056255966450921465584127304844415317723643207509,0xc7781eb0e4ab55dcecb64bba3cdb58a03d1275cfdc87ff4bbc4c20005b283681,1776848407,2026-04-22T09:00:07+00:00,0.425,clob_prices_history
50595160371163450458627399623056255966450921465584127304844415317723643207509,0xc7781eb0e4ab55dcecb64bba3cdb58a03d1275cfdc87ff4bbc4c20005b283681,1776849308,2026-04-22T09:15:08+00:00,0.445,clob_prices_history
50595160371163450458627399623056255966450921465584127304844415317723643207509,0xc7781eb0e4ab55dcecb64bba3cdb58a03d1275cfdc87ff4bbc4c20005b283681,1776850207,2026-04-22T09:30:07+00:00,0.445,clob_prices_history
50595160371163450458627399623056255966450921465584127304844415317723643207509,0xc7781eb0e4ab55dcecb64bba3cdb58a03d1275cfdc87ff4bbc4c20005b283681,1776851107,2026-04-22T09:45:07+00:00,0.485,clob_prices_history
50595160371163450458627399623056255966450921465584127304844415317723643207509,0xc7781eb0e4ab55dcecb64bba3cdb58a03d1275cfdc87ff4bbc4c20005b283681,1776852005,2026-04-22T10:00:05+00:00,0.485,clob_prices_history
50595160371163450458627399623056255966450921465584127304844415317723643207509,0xc7781eb0e4ab55dcecb64bba3cdb58a03d1275cfdc87ff4bbc4c20005b283681,1776852906,2026-04-22T10:15:06+00:00,0.485,clob_prices_history
50595160371163450458627399623056255966450921465584127304844415317723643207509,0xc7781eb0e4ab55dcecb64bba3cdb58a03d1275cfdc87ff4bbc4c20005b283681,1776853808,2026-04-22T10:30:08+00:00,0.485,clob_prices_history
50595160371163450458627399623056255966450921465584127304844415317723643207509,0xc7781eb0e4ab55dcecb64bba3cdb58a03d1275cfdc87ff4bbc4c20005b283681,1776854705,2026-04-22T10:45:05+00:00,0.485,clob_prices_history
50595160371163450458627399623056255966450921465584127304844415317723643207509,0xc7781eb0e4ab55dcecb64bba3cdb58a03d1275cfdc87ff4bbc4c20005b283681,1776855606,2026-04-22T11:00:06+00:00,0.51,clob_prices_history
50595160371163450458627399623056255966450921465584127304844415317723643207509,0xc7781eb0e4ab55dcecb64bba3cdb58a03d1275cfdc87ff4bbc4c20005b283681,1776856505,2026-04-22T11:15:05+00:00,0.52,clob_prices_history
50595160371163450458627399623056255966450921465584127304844415317723643207509,0xc7781eb0e4ab55dcecb64bba3cdb58a03d1275cfdc87ff4bbc4c20005b283681,1776857405,2026-04-22T11:30:05+00:00,0.515,clob_prices_history
50595160371163450458627399623056255966450921465584127304844415317723643207509,0xc7781eb0e4ab55dcecb64bba3cdb58a03d1275cfdc87ff4bbc4c20005b283681,1776858304,2026-04-22T11:45:04+00:00,0.515,clob_prices_history
50595160371163450458627399623056255966450921465584127304844415317723643207509,0xc7781eb0e4ab55dcecb64bba3cdb58a03d1275cfdc87ff4bbc4c20005b283681,1776859209,2026-04-22T12:00:09+00:00,0.52,clob_prices_history
50595160371163450458627399623056255966450921465584127304844415317723643207509,0xc7781eb0e4ab55dcecb64bba3cdb58a03d1275cfdc87ff4bbc4c20005b283681,1776860105,2026-04-22T12:15:05+00:00,0.515,clob_prices_history
50595160371163450458627399623056255966450921465584127304844415317723643207509,0xc7781eb0e4ab55dcecb64bba3cdb58a03d1275cfdc87ff4bbc4c20005b283681,1776861006,2026-04-22T12:30:06+00:00,0.515,clob_prices_history
50595160371163450458627399623056255966450921465584127304844415317723643207509,0xc7781eb0e4ab55dcecb64bba3cdb58a03d1275cfdc87ff4bbc4c20005b283681,1776861906,2026-04-22T12:45:06+00:00,0.51,clob_prices_history
50595160371163450458627399623056255966450921465584127304844415317723643207509,0xc7781eb0e4ab55dcecb64bba3cdb58a03d1275cfdc87ff4bbc4c20005b283681,1776862805,2026-04-22T13:00:05+00:00,0.515,clob_prices_history
50595160371163450458627399623056255966450921465584127304844415317723643207509,0xc7781eb0e4ab55dcecb64bba3cdb58a03d1275cfdc87ff4bbc4c20005b283681,1776863707,2026-04-22T13:15:07+00:00,0.515,clob_prices_history
50595160371163450458627399623056255966450921465584127304844415317723643207509,0xc7781eb0e4ab55dcecb64bba3cdb58a03d1275cfdc87ff4bbc4c20005b283681,1776864611,2026-04-22T13:30:11+00:00,0.515,clob_prices_history
50595160371163450458627399623056255966450921465584127304844415317723643207509,0xc7781eb0e4ab55dcecb64bba3cdb58a03d1275cfdc87ff4bbc4c20005b283681,1776865508,2026-04-22T13:45:08+00:00,0.515,clob_prices_history
50595160371163450458627399623056255966450921465584127304844415317723643207509,0xc7781eb0e4ab55dcecb64bba3cdb58a03d1275cfdc87ff4bbc4c20005b283681,1776866407,2026-04-22T14:00:07+00:00,0.515,clob_prices_history
50595160371163450458627399623056255966450921465584127304844415317723643207509,0xc7781eb0e4ab55dcecb64bba3cdb58a03d1275cfdc87ff4bbc4c20005b283681,1776867308,2026-04-22T14:15:08+00:00,0.505,clob_prices_history
50595160371163450458627399623056255966450921465584127304844415317723643207509,0xc7781eb0e4ab55dcecb64bba3cdb58a03d1275cfdc87ff4bbc4c20005b283681,1776868206,2026-04-22T14:30:06+00:00,0.51,clob_prices_history
50595160371163450458627399623056255966450921465584127304844415317723643207509,0xc7781eb0e4ab55dcecb64bba3cdb58a03d1275cfdc87ff4bbc4c20005b283681,1776869105,2026-04-22T14:45:05+00:00,0.51,clob_prices_history
50595160371163450458627399623056255966450921465584127304844415317723643207509,0xc7781eb0e4ab55dcecb64bba3cdb58a03d1275cfdc87ff4bbc4c20005b283681,1776870009,2026-04-22T15:00:09+00:00,0.52,clob_prices_history
50595160371163450458627399623056255966450921465584127304844415317723643207509,0xc7781eb0e4ab55dcecb64bba3cdb58a03d1275cfdc87ff4bbc4c20005b283681,1776870909,2026-04-22T15:15:09+00:00,0.515,clob_prices_history
50595160371163450458627399623056255966450921465584127304844415317723643207509,0xc7781eb0e4ab55dcecb64bba3cdb58a03d1275cfdc87ff4bbc4c20005b283681,1776871806,2026-04-22T15:30:06+00:00,0.525,clob_prices_history
50595160371163450458627399623056255966450921465584127304844415317723643207509,0xc7781eb0e4ab55dcecb64bba3cdb58a03d1275cfdc87ff4bbc4c20005b283681,1776872708,2026-04-22T15:45:08+00:00,0.52,clob_prices_history
50595160371163450458627399623056255966450921465584127304844415317723643207509,0xc7781eb0e4ab55dcecb64bba3cdb58a03d1275cfdc87ff4bbc4c20005b283681,1776873609,2026-04-22T16:00:09+00:00,0.52,clob_prices_history
50595160371163450458627399623056255966450921465584127304844415317723643207509,0xc7781eb0e4ab55dcecb64bba3cdb58a03d1275cfdc87ff4bbc4c20005b283681,1776874505,2026-04-22T16:15:05+00:00,0.525,clob_prices_history
50595160371163450458627399623056255966450921465584127304844415317723643207509,0xc7781eb0e4ab55dcecb64bba3cdb58a03d1275cfdc87ff4bbc4c20005b283681,1776875415,2026-04-22T16:30:15+00:00,0.55,clob_prices_history
50595160371163450458627399623056255966450921465584127304844415317723643207509,0xc7781eb0e4ab55dcecb64bba3cdb58a03d1275cfdc87ff4bbc4c20005b283681,1776876306,2026-04-22T16:45:06+00:00,0.55,clob_prices_history
50595160371163450458627399623056255966450921465584127304844415317723643207509,0xc7781eb0e4ab55dcecb64bba3cdb58a03d1275cfdc87ff4bbc4c20005b283681,1776877213,2026-04-22T17:00:13+00:00,0.55,clob_prices_history
50595160371163450458627399623056255966450921465584127304844415317723643207509,0xc7781eb0e4ab55dcecb64bba3cdb58a03d1275cfdc87ff4bbc4c20005b283681,1776878105,2026-04-22T17:15:05+00:00,0.55,clob_prices_history
50595160371163450458627399623056255966450921465584127304844415317723643207509,0xc7781eb0e4ab55dcecb64bba3cdb58a03d1275cfdc87ff4bbc4c20005b283681,1776879007,2026-04-22T17:30:07+00:00,0.55,clob_prices_history
50595160371163450458627399623056255966450921465584127304844415317723643207509,0xc7781eb0e4ab55dcecb64bba3cdb58a03d1275cfdc87ff4bbc4c20005b283681,1776879906,2026-04-22T17:45:06+00:00,0.55,clob_prices_history
50595160371163450458627399623056255966450921465584127304844415317723643207509,0xc7781eb0e4ab55dcecb64bba3cdb58a03d1275cfdc87ff4bbc4c20005b283681,1776880808,2026-04-22T18:00:08+00:00,0.55,clob_prices_history
50595160371163450458627399623056255966450921465584127304844415317723643207509,0xc7781eb0e4ab55dcecb64bba3cdb58a03d1275cfdc87ff4bbc4c20005b283681,1776881706,2026-04-22T18:15:06+00:00,0.55,clob_prices_history
50595160371163450458627399623056255966450921465584127304844415317723643207509,0xc7781eb0e4ab55dcecb64bba3cdb58a03d1275cfdc87ff4bbc4c20005b283681,1776882606,2026-04-22T18:30:06+00:00,0.55,clob_prices_history
50595160371163450458627399623056255966450921465584127304844415317723643207509,0xc7781eb0e4ab55dcecb64bba3cdb58a03d1275cfdc87ff4bbc4c20005b283681,1776883504,2026-04-22T18:45:04+00:00,0.55,clob_prices_history
50595160371163450458627399623056255966450921465584127304844415317723643207509,0xc7781eb0e4ab55dcecb64bba3cdb58a03d1275cfdc87ff4bbc4c20005b283681,1776884406,2026-04-22T19:00:06+00:00,0.55,clob_prices_history
50595160371163450458627399623056255966450921465584127304844415317723643207509,0xc7781eb0e4ab55dcecb64bba3cdb58a03d1275cfdc87ff4bbc4c20005b283681,1776885305,2026-04-22T19:15:05+00:00,0.55,clob_prices_history
50595160371163450458627399623056255966450921465584127304844415317723643207509,0xc7781eb0e4ab55dcecb64bba3cdb58a03d1275cfdc87ff4bbc4c20005b283681,1776886205,2026-04-22T19:30:05+00:00,0.55,clob_prices_history
50595160371163450458627399623056255966450921465584127304844415317723643207509,0xc7781eb0e4ab55dcecb64bba3cdb58a03d1275cfdc87ff4bbc4c20005b283681,1776887107,2026-04-22T19:45:07+00:00,0.55,clob_prices_history
50595160371163450458627399623056255966450921465584127304844415317723643207509,0xc7781eb0e4ab55dcecb64bba3cdb58a03d1275cfdc87ff4bbc4c20005b283681,1776888005,2026-04-22T20:00:05+00:00,0.55,clob_prices_history
50595160371163450458627399623056255966450921465584127304844415317723643207509,0xc7781eb0e4ab55dcecb64bba3cdb58a03d1275cfdc87ff4bbc4c20005b283681,1776888907,2026-04-22T20:15:07+00:00,0.55,clob_prices_history
50595160371163450458627399623056255966450921465584127304844415317723643207509,0xc7781eb0e4ab55dcecb64bba3cdb58a03d1275cfdc87ff4bbc4c20005b283681,1776889805,2026-04-22T20:30:05+00:00,0.55,clob_prices_history
50595160371163450458627399623056255966450921465584127304844415317723643207509,0xc7781eb0e4ab55dcecb64bba3cdb58a03d1275cfdc87ff4bbc4c20005b283681,1776890704,2026-04-22T20:45:04+00:00,0.55,clob_prices_history
50595160371163450458627399623056255966450921465584127304844415317723643207509,0xc7781eb0e4ab55dcecb64bba3cdb58a03d1275cfdc87ff4bbc4c20005b283681,1776891608,2026-04-22T21:00:08+00:00,0.55,clob_prices_history
50595160371163450458627399623056255966450921465584127304844415317723643207509,0xc7781eb0e4ab55dcecb64bba3cdb58a03d1275cfdc87ff4bbc4c20005b283681,1776892504,2026-04-22T21:15:04+00:00,0.55,clob_prices_history
50595160371163450458627399623056255966450921465584127304844415317723643207509,0xc7781eb0e4ab55dcecb64bba3cdb58a03d1275cfdc87ff4bbc4c20005b283681,1776893407,2026-04-22T21:30:07+00:00,0.55,clob_prices_history
50595160371163450458627399623056255966450921465584127304844415317723643207509,0xc7781eb0e4ab55dcecb64bba3cdb58a03d1275cfdc87ff4bbc4c20005b283681,1776894305,2026-04-22T21:45:05+00:00,0.55,clob_prices_history
50595160371163450458627399623056255966450921465584127304844415317723643207509,0xc7781eb0e4ab55dcecb64bba3cdb58a03d1275cfdc87ff4bbc4c20005b283681,1776895206,2026-04-22T22:00:06+00:00,0.55,clob_prices_history
50595160371163450458627399623056255966450921465584127304844415317723643207509,0xc7781eb0e4ab55dcecb64bba3cdb58a03d1275cfdc87ff4bbc4c20005b283681,1776896105,2026-04-22T22:15:05+00:00,0.55,clob_prices_history
50595160371163450458627399623056255966450921465584127304844415317723643207509,0xc7781eb0e4ab55dcecb64bba3cdb58a03d1275cfdc87ff4bbc4c20005b283681,1776897005,2026-04-22T22:30:05+00:00,0.55,clob_prices_history
50595160371163450458627399623056255966450921465584127304844415317723643207509,0xc7781eb0e4ab55dcecb64bba3cdb58a03d1275cfdc87ff4bbc4c20005b283681,1776897908,2026-04-22T22:45:08+00:00,0.55,clob_prices_history
50595160371163450458627399623056255966450921465584127304844415317723643207509,0xc7781eb0e4ab55dcecb64bba3cdb58a03d1275cfdc87ff4bbc4c20005b283681,1776898811,2026-04-22T23:00:11+00:00,0.55,clob_prices_history
50595160371163450458627399623056255966450921465584127304844415317723643207509,0xc7781eb0e4ab55dcecb64bba3cdb58a03d1275cfdc87ff4bbc4c20005b283681,1776899704,2026-04-22T23:15:04+00:00,0.55,clob_prices_history
50595160371163450458627399623056255966450921465584127304844415317723643207509,0xc7781eb0e4ab55dcecb64bba3cdb58a03d1275cfdc87ff4bbc4c20005b283681,1776900607,2026-04-22T23:30:07+00:00,0.55,clob_prices_history
50595160371163450458627399623056255966450921465584127304844415317723643207509,0xc7781eb0e4ab55dcecb64bba3cdb58a03d1275cfdc87ff4bbc4c20005b283681,1776901505,2026-04-22T23:45:05+00:00,0.55,clob_prices_history
50595160371163450458627399623056255966450921465584127304844415317723643207509,0xc7781eb0e4ab55dcecb64bba3cdb58a03d1275cfdc87ff4bbc4c20005b283681,1776902414,2026-04-23T00:00:14+00:00,0.55,clob_prices_history
50595160371163450458627399623056255966450921465584127304844415317723643207509,0xc7781eb0e4ab55dcecb64bba3cdb58a03d1275cfdc87ff4bbc4c20005b283681,1776903305,2026-04-23T00:15:05+00:00,0.55,clob_prices_history
50595160371163450458627399623056255966450921465584127304844415317723643207509,0xc7781eb0e4ab55dcecb64bba3cdb58a03d1275cfdc87ff4bbc4c20005b283681,1776904206,2026-04-23T00:30:06+00:00,0.55,clob_prices_history
50595160371163450458627399623056255966450921465584127304844415317723643207509,0xc7781eb0e4ab55dcecb64bba3cdb58a03d1275cfdc87ff4bbc4c20005b283681,1776905104,2026-04-23T00:45:04+00:00,0.55,clob_prices_history
50595160371163450458627399623056255966450921465584127304844415317723643207509,0xc7781eb0e4ab55dcecb64bba3cdb58a03d1275cfdc87ff4bbc4c20005b283681,1776906020,2026-04-23T01:00:20+00:00,0.55,clob_prices_history
50595160371163450458627399623056255966450921465584127304844415317723643207509,0xc7781eb0e4ab55dcecb64bba3cdb58a03d1275cfdc87ff4bbc4c20005b283681,1776906906,2026-04-23T01:15:06+00:00,0.55,clob_prices_history
50595160371163450458627399623056255966450921465584127304844415317723643207509,0xc7781eb0e4ab55dcecb64bba3cdb58a03d1275cfdc87ff4bbc4c20005b283681,1776907807,2026-04-23T01:30:07+00:00,0.55,clob_prices_history
50595160371163450458627399623056255966450921465584127304844415317723643207509,0xc7781eb0e4ab55dcecb64bba3cdb58a03d1275cfdc87ff4bbc4c20005b283681,1776908705,2026-04-23T01:45:05+00:00,0.55,clob_prices_history
50595160371163450458627399623056255966450921465584127304844415317723643207509,0xc7781eb0e4ab55dcecb64bba3cdb58a03d1275cfdc87ff4bbc4c20005b283681,1776909606,2026-04-23T02:00:06+00:00,0.55,clob_prices_history
50595160371163450458627399623056255966450921465584127304844415317723643207509,0xc7781eb0e4ab55dcecb64bba3cdb58a03d1275cfdc87ff4bbc4c20005b283681,1776910516,2026-04-23T02:15:16+00:00,0.55,clob_prices_history
50595160371163450458627399623056255966450921465584127304844415317723643207509,0xc7781eb0e4ab55dcecb64bba3cdb58a03d1275cfdc87ff4bbc4c20005b283681,1776911406,2026-04-23T02:30:06+00:00,0.55,clob_prices_history
50595160371163450458627399623056255966450921465584127304844415317723643207509,0xc7781eb0e4ab55dcecb64bba3cdb58a03d1275cfdc87ff4bbc4c20005b283681,1776912304,2026-04-23T02:45:04+00:00,0.55,clob_prices_history
50595160371163450458627399623056255966450921465584127304844415317723643207509,0xc7781eb0e4ab55dcecb64bba3cdb58a03d1275cfdc87ff4bbc4c20005b283681,1776913209,2026-04-23T03:00:09+00:00,0.55,clob_prices_history
50595160371163450458627399623056255966450921465584127304844415317723643207509,0xc7781eb0e4ab55dcecb64bba3cdb58a03d1275cfdc87ff4bbc4c20005b283681,1776914107,2026-04-23T03:15:07+00:00,0.55,clob_prices_history
50595160371163450458627399623056255966450921465584127304844415317723643207509,0xc7781eb0e4ab55dcecb64bba3cdb58a03d1275cfdc87ff4bbc4c20005b283681,1776915023,2026-04-23T03:30:23+00:00,0.55,clob_prices_history
50595160371163450458627399623056255966450921465584127304844415317723643207509,0xc7781eb0e4ab55dcecb64bba3cdb58a03d1275cfdc87ff4bbc4c20005b283681,1776915905,2026-04-23T03:45:05+00:00,0.55,clob_prices_history
50595160371163450458627399623056255966450921465584127304844415317723643207509,0xc7781eb0e4ab55dcecb64bba3cdb58a03d1275cfdc87ff4bbc4c20005b283681,1776916807,2026-04-23T04:00:07+00:00,0.55,clob_prices_history
50595160371163450458627399623056255966450921465584127304844415317723643207509,0xc7781eb0e4ab55dcecb64bba3cdb58a03d1275cfdc87ff4bbc4c20005b283681,1776917706,2026-04-23T04:15:06+00:00,0.57,clob_prices_history
50595160371163450458627399623056255966450921465584127304844415317723643207509,0xc7781eb0e4ab55dcecb64bba3cdb58a03d1275cfdc87ff4bbc4c20005b283681,1776918605,2026-04-23T04:30:05+00:00,0.57,clob_prices_history
50595160371163450458627399623056255966450921465584127304844415317723643207509,0xc7781eb0e4ab55dcecb64bba3cdb58a03d1275cfdc87ff4bbc4c20005b283681,1776919506,2026-04-23T04:45:06+00:00,0.57,clob_prices_history
50595160371163450458627399623056255966450921465584127304844415317723643207509,0xc7781eb0e4ab55dcecb64bba3cdb58a03d1275cfdc87ff4bbc4c20005b283681,1776920406,2026-04-23T05:00:06+00:00,0.57,clob_prices_history
50595160371163450458627399623056255966450921465584127304844415317723643207509,0xc7781eb0e4ab55dcecb64bba3cdb58a03d1275cfdc87ff4bbc4c20005b283681,1776921305,2026-04-23T05:15:05+00:00,0.57,clob_prices_history
50595160371163450458627399623056255966450921465584127304844415317723643207509,0xc7781eb0e4ab55dcecb64bba3cdb58a03d1275cfdc87ff4bbc4c20005b283681,1776922206,2026-04-23T05:30:06+00:00,0.56,clob_prices_history
50595160371163450458627399623056255966450921465584127304844415317723643207509,0xc7781eb0e4ab55dcecb64bba3cdb58a03d1275cfdc87ff4bbc4c20005b283681,1776923107,2026-04-23T05:45:07+00:00,0.56,clob_prices_history
50595160371163450458627399623056255966450921465584127304844415317723643207509,0xc7781eb0e4ab55dcecb64bba3cdb58a03d1275cfdc87ff4bbc4c20005b283681,1776924010,2026-04-23T06:00:10+00:00,0.56,clob_prices_history
50595160371163450458627399623056255966450921465584127304844415317723643207509,0xc7781eb0e4ab55dcecb64bba3cdb58a03d1275cfdc87ff4bbc4c20005b283681,1776924906,2026-04-23T06:15:06+00:00,0.56,clob_prices_history
50595160371163450458627399623056255966450921465584127304844415317723643207509,0xc7781eb0e4ab55dcecb64bba3cdb58a03d1275cfdc87ff4bbc4c20005b283681,1776925810,2026-04-23T06:30:10+00:00,0.56,clob_prices_history
50595160371163450458627399623056255966450921465584127304844415317723643207509,0xc7781eb0e4ab55dcecb64bba3cdb58a03d1275cfdc87ff4bbc4c20005b283681,1776926707,2026-04-23T06:45:07+00:00,0.565,clob_prices_history
50595160371163450458627399623056255966450921465584127304844415317723643207509,0xc7781eb0e4ab55dcecb64bba3cdb58a03d1275cfdc87ff4bbc4c20005b283681,1776927606,2026-04-23T07:00:06+00:00,0.565,clob_prices_history
50595160371163450458627399623056255966450921465584127304844415317723643207509,0xc7781eb0e4ab55dcecb64bba3cdb58a03d1275cfdc87ff4bbc4c20005b283681,1776928506,2026-04-23T07:15:06+00:00,0.565,clob_prices_history
50595160371163450458627399623056255966450921465584127304844415317723643207509,0xc7781eb0e4ab55dcecb64bba3cdb58a03d1275cfdc87ff4bbc4c20005b283681,1776929408,2026-04-23T07:30:08+00:00,0.565,clob_prices_history
50595160371163450458627399623056255966450921465584127304844415317723643207509,0xc7781eb0e4ab55dcecb64bba3cdb58a03d1275cfdc87ff4bbc4c20005b283681,1776930308,2026-04-23T07:45:08+00:00,0.565,clob_prices_history
50595160371163450458627399623056255966450921465584127304844415317723643207509,0xc7781eb0e4ab55dcecb64bba3cdb58a03d1275cfdc87ff4bbc4c20005b283681,1776931221,2026-04-23T08:00:21+00:00,0.565,clob_prices_history
50595160371163450458627399623056255966450921465584127304844415317723643207509,0xc7781eb0e4ab55dcecb64bba3cdb58a03d1275cfdc87ff4bbc4c20005b283681,1776932104,2026-04-23T08:15:04+00:00,0.56,clob_prices_history
50595160371163450458627399623056255966450921465584127304844415317723643207509,0xc7781eb0e4ab55dcecb64bba3cdb58a03d1275cfdc87ff4bbc4c20005b283681,1776933008,2026-04-23T08:30:08+00:00,0.56,clob_prices_history
50595160371163450458627399623056255966450921465584127304844415317723643207509,0xc7781eb0e4ab55dcecb64bba3cdb58a03d1275cfdc87ff4bbc4c20005b283681,1776933904,2026-04-23T08:45:04+00:00,0.525,clob_prices_history
50595160371163450458627399623056255966450921465584127304844415317723643207509,0xc7781eb0e4ab55dcecb64bba3cdb58a03d1275cfdc87ff4bbc4c20005b283681,1776934807,2026-04-23T09:00:07+00:00,0.54,clob_prices_history
50595160371163450458627399623056255966450921465584127304844415317723643207509,0xc7781eb0e4ab55dcecb64bba3cdb58a03d1275cfdc87ff4bbc4c20005b283681,1776935705,2026-04-23T09:15:05+00:00,0.525,clob_prices_history
50595160371163450458627399623056255966450921465584127304844415317723643207509,0xc7781eb0e4ab55dcecb64bba3cdb58a03d1275cfdc87ff4bbc4c20005b283681,1776936606,2026-04-23T09:30:06+00:00,0.59,clob_prices_history
50595160371163450458627399623056255966450921465584127304844415317723643207509,0xc7781eb0e4ab55dcecb64bba3cdb58a03d1275cfdc87ff4bbc4c20005b283681,1776937504,2026-04-23T09:45:04+00:00,0.59,clob_prices_history
50595160371163450458627399623056255966450921465584127304844415317723643207509,0xc7781eb0e4ab55dcecb64bba3cdb58a03d1275cfdc87ff4bbc4c20005b283681,1776938405,2026-04-23T10:00:05+00:00,0.595,clob_prices_history
50595160371163450458627399623056255966450921465584127304844415317723643207509,0xc7781eb0e4ab55dcecb64bba3cdb58a03d1275cfdc87ff4bbc4c20005b283681,1776939305,2026-04-23T10:15:05+00:00,0.595,clob_prices_history
50595160371163450458627399623056255966450921465584127304844415317723643207509,0xc7781eb0e4ab55dcecb64bba3cdb58a03d1275cfdc87ff4bbc4c20005b283681,1776940209,2026-04-23T10:30:09+00:00,0.595,clob_prices_history
50595160371163450458627399623056255966450921465584127304844415317723643207509,0xc7781eb0e4ab55dcecb64bba3cdb58a03d1275cfdc87ff4bbc4c20005b283681,1776941104,2026-04-23T10:45:04+00:00,0.605,clob_prices_history
50595160371163450458627399623056255966450921465584127304844415317723643207509,0xc7781eb0e4ab55dcecb64bba3cdb58a03d1275cfdc87ff4bbc4c20005b283681,1776942005,2026-04-23T11:00:05+00:00,0.605,clob_prices_history
50595160371163450458627399623056255966450921465584127304844415317723643207509,0xc7781eb0e4ab55dcecb64bba3cdb58a03d1275cfdc87ff4bbc4c20005b283681,1776942904,2026-04-23T11:15:04+00:00,0.605,clob_prices_history
50595160371163450458627399623056255966450921465584127304844415317723643207509,0xc7781eb0e4ab55dcecb64bba3cdb58a03d1275cfdc87ff4bbc4c20005b283681,1776943817,2026-04-23T11:30:17+00:00,0.605,clob_prices_history
50595160371163450458627399623056255966450921465584127304844415317723643207509,0xc7781eb0e4ab55dcecb64bba3cdb58a03d1275cfdc87ff4bbc4c20005b283681,1776944707,2026-04-23T11:45:07+00:00,0.605,clob_prices_history
50595160371163450458627399623056255966450921465584127304844415317723643207509,0xc7781eb0e4ab55dcecb64bba3cdb58a03d1275cfdc87ff4bbc4c20005b283681,1776945611,2026-04-23T12:00:11+00:00,0.605,clob_prices_history
50595160371163450458627399623056255966450921465584127304844415317723643207509,0xc7781eb0e4ab55dcecb64bba3cdb58a03d1275cfdc87ff4bbc4c20005b283681,1776946509,2026-04-23T12:15:09+00:00,0.605,clob_prices_history
50595160371163450458627399623056255966450921465584127304844415317723643207509,0xc7781eb0e4ab55dcecb64bba3cdb58a03d1275cfdc87ff4bbc4c20005b283681,1776947408,2026-04-23T12:30:08+00:00,0.605,clob_prices_history
50595160371163450458627399623056255966450921465584127304844415317723643207509,0xc7781eb0e4ab55dcecb64bba3cdb58a03d1275cfdc87ff4bbc4c20005b283681,1776948306,2026-04-23T12:45:06+00:00,0.605,clob_prices_history
50595160371163450458627399623056255966450921465584127304844415317723643207509,0xc7781eb0e4ab55dcecb64bba3cdb58a03d1275cfdc87ff4bbc4c20005b283681,1776949209,2026-04-23T13:00:09+00:00,0.605,clob_prices_history
50595160371163450458627399623056255966450921465584127304844415317723643207509,0xc7781eb0e4ab55dcecb64bba3cdb58a03d1275cfdc87ff4bbc4c20005b283681,1776950105,2026-04-23T13:15:05+00:00,0.605,clob_prices_history
50595160371163450458627399623056255966450921465584127304844415317723643207509,0xc7781eb0e4ab55dcecb64bba3cdb58a03d1275cfdc87ff4bbc4c20005b283681,1776951008,2026-04-23T13:30:08+00:00,0.605,clob_prices_history
50595160371163450458627399623056255966450921465584127304844415317723643207509,0xc7781eb0e4ab55dcecb64bba3cdb58a03d1275cfdc87ff4bbc4c20005b283681,1776951908,2026-04-23T13:45:08+00:00,0.605,clob_prices_history
50595160371163450458627399623056255966450921465584127304844415317723643207509,0xc7781eb0e4ab55dcecb64bba3cdb58a03d1275cfdc87ff4bbc4c20005b283681,1776952807,2026-04-23T14:00:07+00:00,0.605,clob_prices_history
50595160371163450458627399623056255966450921465584127304844415317723643207509,0xc7781eb0e4ab55dcecb64bba3cdb58a03d1275cfdc87ff4bbc4c20005b283681,1776953707,2026-04-23T14:15:07+00:00,0.605,clob_prices_history
50595160371163450458627399623056255966450921465584127304844415317723643207509,0xc7781eb0e4ab55dcecb64bba3cdb58a03d1275cfdc87ff4bbc4c20005b283681,1776954606,2026-04-23T14:30:06+00:00,0.605,clob_prices_history
50595160371163450458627399623056255966450921465584127304844415317723643207509,0xc7781eb0e4ab55dcecb64bba3cdb58a03d1275cfdc87ff4bbc4c20005b283681,1776955511,2026-04-23T14:45:11+00:00,0.55,clob_prices_history
50595160371163450458627399623056255966450921465584127304844415317723643207509,0xc7781eb0e4ab55dcecb64bba3cdb58a03d1275cfdc87ff4bbc4c20005b283681,1776956410,2026-04-23T15:00:10+00:00,0.57,clob_prices_history
50595160371163450458627399623056255966450921465584127304844415317723643207509,0xc7781eb0e4ab55dcecb64bba3cdb58a03d1275cfdc87ff4bbc4c20005b283681,1776957309,2026-04-23T15:15:09+00:00,0.57,clob_prices_history
50595160371163450458627399623056255966450921465584127304844415317723643207509,0xc7781eb0e4ab55dcecb64bba3cdb58a03d1275cfdc87ff4bbc4c20005b283681,1776958210,2026-04-23T15:30:10+00:00,0.565,clob_prices_history
50595160371163450458627399623056255966450921465584127304844415317723643207509,0xc7781eb0e4ab55dcecb64bba3cdb58a03d1275cfdc87ff4bbc4c20005b283681,1776959114,2026-04-23T15:45:14+00:00,0.51,clob_prices_history
50595160371163450458627399623056255966450921465584127304844415317723643207509,0xc7781eb0e4ab55dcecb64bba3cdb58a03d1275cfdc87ff4bbc4c20005b283681,1776960008,2026-04-23T16:00:08+00:00,0.545,clob_prices_history
50595160371163450458627399623056255966450921465584127304844415317723643207509,0xc7781eb0e4ab55dcecb64bba3cdb58a03d1275cfdc87ff4bbc4c20005b283681,1776960907,2026-04-23T16:15:07+00:00,0.535,clob_prices_history
50595160371163450458627399623056255966450921465584127304844415317723643207509,0xc7781eb0e4ab55dcecb64bba3cdb58a03d1275cfdc87ff4bbc4c20005b283681,1776961823,2026-04-23T16:30:23+00:00,0.555,clob_prices_history
50595160371163450458627399623056255966450921465584127304844415317723643207509,0xc7781eb0e4ab55dcecb64bba3cdb58a03d1275cfdc87ff4bbc4c20005b283681,1776962709,2026-04-23T16:45:09+00:00,0.525,clob_prices_history
50595160371163450458627399623056255966450921465584127304844415317723643207509,0xc7781eb0e4ab55dcecb64bba3cdb58a03d1275cfdc87ff4bbc4c20005b283681,1776963615,2026-04-23T17:00:15+00:00,0.52,clob_prices_history
50595160371163450458627399623056255966450921465584127304844415317723643207509,0xc7781eb0e4ab55dcecb64bba3cdb58a03d1275cfdc87ff4bbc4c20005b283681,1776964510,2026-04-23T17:15:10+00:00,0.525,clob_prices_history
50595160371163450458627399623056255966450921465584127304844415317723643207509,0xc7781eb0e4ab55dcecb64bba3cdb58a03d1275cfdc87ff4bbc4c20005b283681,1776965425,2026-04-23T17:30:25+00:00,0.555,clob_prices_history
50595160371163450458627399623056255966450921465584127304844415317723643207509,0xc7781eb0e4ab55dcecb64bba3cdb58a03d1275cfdc87ff4bbc4c20005b283681,1776966313,2026-04-23T17:45:13+00:00,0.555,clob_prices_history
50595160371163450458627399623056255966450921465584127304844415317723643207509,0xc7781eb0e4ab55dcecb64bba3cdb58a03d1275cfdc87ff4bbc4c20005b283681,1776967212,2026-04-23T18:00:12+00:00,0.565,clob_prices_history
50595160371163450458627399623056255966450921465584127304844415317723643207509,0xc7781eb0e4ab55dcecb64bba3cdb58a03d1275cfdc87ff4bbc4c20005b283681,1776968114,2026-04-23T18:15:14+00:00,0.56,clob_prices_history
50595160371163450458627399623056255966450921465584127304844415317723643207509,0xc7781eb0e4ab55dcecb64bba3cdb58a03d1275cfdc87ff4bbc4c20005b283681,1776969010,2026-04-23T18:30:10+00:00,0.57,clob_prices_history
50595160371163450458627399623056255966450921465584127304844415317723643207509,0xc7781eb0e4ab55dcecb64bba3cdb58a03d1275cfdc87ff4bbc4c20005b283681,1776969905,2026-04-23T18:45:05+00:00,0.585,clob_prices_history
50595160371163450458627399623056255966450921465584127304844415317723643207509,0xc7781eb0e4ab55dcecb64bba3cdb58a03d1275cfdc87ff4bbc4c20005b283681,1776970809,2026-04-23T19:00:09+00:00,0.58,clob_prices_history
50595160371163450458627399623056255966450921465584127304844415317723643207509,0xc7781eb0e4ab55dcecb64bba3cdb58a03d1275cfdc87ff4bbc4c20005b283681,1776971709,2026-04-23T19:15:09+00:00,0.57,clob_prices_history
50595160371163450458627399623056255966450921465584127304844415317723643207509,0xc7781eb0e4ab55dcecb64bba3cdb58a03d1275cfdc87ff4bbc4c20005b283681,1776972619,2026-04-23T19:30:19+00:00,0.585,clob_prices_history
50595160371163450458627399623056255966450921465584127304844415317723643207509,0xc7781eb0e4ab55dcecb64bba3cdb58a03d1275cfdc87ff4bbc4c20005b283681,1776973505,2026-04-23T19:45:05+00:00,0.575,clob_prices_history
50595160371163450458627399623056255966450921465584127304844415317723643207509,0xc7781eb0e4ab55dcecb64bba3cdb58a03d1275cfdc87ff4bbc4c20005b283681,1776974408,2026-04-23T20:00:08+00:00,0.565,clob_prices_history
50595160371163450458627399623056255966450921465584127304844415317723643207509,0xc7781eb0e4ab55dcecb64bba3cdb58a03d1275cfdc87ff4bbc4c20005b283681,1776975306,2026-04-23T20:15:06+00:00,0.565,clob_prices_history
50595160371163450458627399623056255966450921465584127304844415317723643207509,0xc7781eb0e4ab55dcecb64bba3cdb58a03d1275cfdc87ff4bbc4c20005b283681,1776976209,2026-04-23T20:30:09+00:00,0.56,clob_prices_history
50595160371163450458627399623056255966450921465584127304844415317723643207509,0xc7781eb0e4ab55dcecb64bba3cdb58a03d1275cfdc87ff4bbc4c20005b283681,1776977111,2026-04-23T20:45:11+00:00,0.565,clob_prices_history
50595160371163450458627399623056255966450921465584127304844415317723643207509,0xc7781eb0e4ab55dcecb64bba3cdb58a03d1275cfdc87ff4bbc4c20005b283681,1776978012,2026-04-23T21:00:12+00:00,0.565,clob_prices_history
50595160371163450458627399623056255966450921465584127304844415317723643207509,0xc7781eb0e4ab55dcecb64bba3cdb58a03d1275cfdc87ff4bbc4c20005b283681,1776978911,2026-04-23T21:15:11+00:00,0.545,clob_prices_history
50595160371163450458627399623056255966450921465584127304844415317723643207509,0xc7781eb0e4ab55dcecb64bba3cdb58a03d1275cfdc87ff4bbc4c20005b283681,1776979808,2026-04-23T21:30:08+00:00,0.575,clob_prices_history
50595160371163450458627399623056255966450921465584127304844415317723643207509,0xc7781eb0e4ab55dcecb64bba3cdb58a03d1275cfdc87ff4bbc4c20005b283681,1776980706,2026-04-23T21:45:06+00:00,0.545,clob_prices_history
50595160371163450458627399623056255966450921465584127304844415317723643207509,0xc7781eb0e4ab55dcecb64bba3cdb58a03d1275cfdc87ff4bbc4c20005b283681,1776981609,2026-04-23T22:00:09+00:00,0.575,clob_prices_history
50595160371163450458627399623056255966450921465584127304844415317723643207509,0xc7781eb0e4ab55dcecb64bba3cdb58a03d1275cfdc87ff4bbc4c20005b283681,1776982505,2026-04-23T22:15:05+00:00,0.575,clob_prices_history
50595160371163450458627399623056255966450921465584127304844415317723643207509,0xc7781eb0e4ab55dcecb64bba3cdb58a03d1275cfdc87ff4bbc4c20005b283681,1776983406,2026-04-23T22:30:06+00:00,0.575,clob_prices_history
50595160371163450458627399623056255966450921465584127304844415317723643207509,0xc7781eb0e4ab55dcecb64bba3cdb58a03d1275cfdc87ff4bbc4c20005b283681,1776984306,2026-04-23T22:45:06+00:00,0.575,clob_prices_history
50595160371163450458627399623056255966450921465584127304844415317723643207509,0xc7781eb0e4ab55dcecb64bba3cdb58a03d1275cfdc87ff4bbc4c20005b283681,1776985208,2026-04-23T23:00:08+00:00,0.55,clob_prices_history
50595160371163450458627399623056255966450921465584127304844415317723643207509,0xc7781eb0e4ab55dcecb64bba3cdb58a03d1275cfdc87ff4bbc4c20005b283681,1776986106,2026-04-23T23:15:06+00:00,0.565,clob_prices_history
50595160371163450458627399623056255966450921465584127304844415317723643207509,0xc7781eb0e4ab55dcecb64bba3cdb58a03d1275cfdc87ff4bbc4c20005b283681,1776987007,2026-04-23T23:30:07+00:00,0.545,clob_prices_history
50595160371163450458627399623056255966450921465584127304844415317723643207509,0xc7781eb0e4ab55dcecb64bba3cdb58a03d1275cfdc87ff4bbc4c20005b283681,1776987905,2026-04-23T23:45:05+00:00,0.54,clob_prices_history
50595160371163450458627399623056255966450921465584127304844415317723643207509,0xc7781eb0e4ab55dcecb64bba3cdb58a03d1275cfdc87ff4bbc4c20005b283681,1776988823,2026-04-24T00:00:23+00:00,0.56,clob_prices_history
50595160371163450458627399623056255966450921465584127304844415317723643207509,0xc7781eb0e4ab55dcecb64bba3cdb58a03d1275cfdc87ff4bbc4c20005b283681,1776989704,2026-04-24T00:15:04+00:00,0.56,clob_prices_history
50595160371163450458627399623056255966450921465584127304844415317723643207509,0xc7781eb0e4ab55dcecb64bba3cdb58a03d1275cfdc87ff4bbc4c20005b283681,1776990607,2026-04-24T00:30:07+00:00,0.55,clob_prices_history
50595160371163450458627399623056255966450921465584127304844415317723643207509,0xc7781eb0e4ab55dcecb64bba3cdb58a03d1275cfdc87ff4bbc4c20005b283681,1776991506,2026-04-24T00:45:06+00:00,0.56,clob_prices_history
50595160371163450458627399623056255966450921465584127304844415317723643207509,0xc7781eb0e4ab55dcecb64bba3cdb58a03d1275cfdc87ff4bbc4c20005b283681,1776992407,2026-04-24T01:00:07+00:00,0.55,clob_prices_history
50595160371163450458627399623056255966450921465584127304844415317723643207509,0xc7781eb0e4ab55dcecb64bba3cdb58a03d1275cfdc87ff4bbc4c20005b283681,1776993305,2026-04-24T01:15:05+00:00,0.54,clob_prices_history
50595160371163450458627399623056255966450921465584127304844415317723643207509,0xc7781eb0e4ab55dcecb64bba3cdb58a03d1275cfdc87ff4bbc4c20005b283681,1776994205,2026-04-24T01:30:05+00:00,0.545,clob_prices_history
50595160371163450458627399623056255966450921465584127304844415317723643207509,0xc7781eb0e4ab55dcecb64bba3cdb58a03d1275cfdc87ff4bbc4c20005b283681,1776995105,2026-04-24T01:45:05+00:00,0.545,clob_prices_history
50595160371163450458627399623056255966450921465584127304844415317723643207509,0xc7781eb0e4ab55dcecb64bba3cdb58a03d1275cfdc87ff4bbc4c20005b283681,1776996007,2026-04-24T02:00:07+00:00,0.53,clob_prices_history
50595160371163450458627399623056255966450921465584127304844415317723643207509,0xc7781eb0e4ab55dcecb64bba3cdb58a03d1275cfdc87ff4bbc4c20005b283681,1776996908,2026-04-24T02:15:08+00:00,0.565,clob_prices_history
50595160371163450458627399623056255966450921465584127304844415317723643207509,0xc7781eb0e4ab55dcecb64bba3cdb58a03d1275cfdc87ff4bbc4c20005b283681,1776997806,2026-04-24T02:30:06+00:00,0.565,clob_prices_history
50595160371163450458627399623056255966450921465584127304844415317723643207509,0xc7781eb0e4ab55dcecb64bba3cdb58a03d1275cfdc87ff4bbc4c20005b283681,1776998704,2026-04-24T02:45:04+00:00,0.565,clob_prices_history
50595160371163450458627399623056255966450921465584127304844415317723643207509,0xc7781eb0e4ab55dcecb64bba3cdb58a03d1275cfdc87ff4bbc4c20005b283681,1776999618,2026-04-24T03:00:18+00:00,0.545,clob_prices_history
50595160371163450458627399623056255966450921465584127304844415317723643207509,0xc7781eb0e4ab55dcecb64bba3cdb58a03d1275cfdc87ff4bbc4c20005b283681,1777000507,2026-04-24T03:15:07+00:00,0.565,clob_prices_history
50595160371163450458627399623056255966450921465584127304844415317723643207509,0xc7781eb0e4ab55dcecb64bba3cdb58a03d1275cfdc87ff4bbc4c20005b283681,1777001405,2026-04-24T03:30:05+00:00,0.565,clob_prices_history
50595160371163450458627399623056255966450921465584127304844415317723643207509,0xc7781eb0e4ab55dcecb64bba3cdb58a03d1275cfdc87ff4bbc4c20005b283681,1777002305,2026-04-24T03:45:05+00:00,0.56,clob_prices_history
50595160371163450458627399623056255966450921465584127304844415317723643207509,0xc7781eb0e4ab55dcecb64bba3cdb58a03d1275cfdc87ff4bbc4c20005b283681,1777003206,2026-04-24T04:00:06+00:00,0.56,clob_prices_history
50595160371163450458627399623056255966450921465584127304844415317723643207509,0xc7781eb0e4ab55dcecb64bba3cdb58a03d1275cfdc87ff4bbc4c20005b283681,1777004105,2026-04-24T04:15:05+00:00,0.585,clob_prices_history
50595160371163450458627399623056255966450921465584127304844415317723643207509,0xc7781eb0e4ab55dcecb64bba3cdb58a03d1275cfdc87ff4bbc4c20005b283681,1777005007,2026-04-24T04:30:07+00:00,0.585,clob_prices_history
50595160371163450458627399623056255966450921465584127304844415317723643207509,0xc7781eb0e4ab55dcecb64bba3cdb58a03d1275cfdc87ff4bbc4c20005b283681,1777005904,2026-04-24T04:45:04+00:00,0.585,clob_prices_history
50595160371163450458627399623056255966450921465584127304844415317723643207509,0xc7781eb0e4ab55dcecb64bba3cdb58a03d1275cfdc87ff4bbc4c20005b283681,1777006807,2026-04-24T05:00:07+00:00,0.585,clob_prices_history
50595160371163450458627399623056255966450921465584127304844415317723643207509,0xc7781eb0e4ab55dcecb64bba3cdb58a03d1275cfdc87ff4bbc4c20005b283681,1777007717,2026-04-24T05:15:17+00:00,0.585,clob_prices_history
50595160371163450458627399623056255966450921465584127304844415317723643207509,0xc7781eb0e4ab55dcecb64bba3cdb58a03d1275cfdc87ff4bbc4c20005b283681,1777008605,2026-04-24T05:30:05+00:00,0.6,clob_prices_history
50595160371163450458627399623056255966450921465584127304844415317723643207509,0xc7781eb0e4ab55dcecb64bba3cdb58a03d1275cfdc87ff4bbc4c20005b283681,1777009504,2026-04-24T05:45:04+00:00,0.6,clob_prices_history
50595160371163450458627399623056255966450921465584127304844415317723643207509,0xc7781eb0e4ab55dcecb64bba3cdb58a03d1275cfdc87ff4bbc4c20005b283681,1777010408,2026-04-24T06:00:08+00:00,0.6,clob_prices_history
50595160371163450458627399623056255966450921465584127304844415317723643207509,0xc7781eb0e4ab55dcecb64bba3cdb58a03d1275cfdc87ff4bbc4c20005b283681,1777011306,2026-04-24T06:15:06+00:00,0.6,clob_prices_history
50595160371163450458627399623056255966450921465584127304844415317723643207509,0xc7781eb0e4ab55dcecb64bba3cdb58a03d1275cfdc87ff4bbc4c20005b283681,1777012207,2026-04-24T06:30:07+00:00,0.6,clob_prices_history
50595160371163450458627399623056255966450921465584127304844415317723643207509,0xc7781eb0e4ab55dcecb64bba3cdb58a03d1275cfdc87ff4bbc4c20005b283681,1777013104,2026-04-24T06:45:04+00:00,0.6,clob_prices_history
50595160371163450458627399623056255966450921465584127304844415317723643207509,0xc7781eb0e4ab55dcecb64bba3cdb58a03d1275cfdc87ff4bbc4c20005b283681,1777014004,2026-04-24T07:00:04+00:00,0.61,clob_prices_history
50595160371163450458627399623056255966450921465584127304844415317723643207509,0xc7781eb0e4ab55dcecb64bba3cdb58a03d1275cfdc87ff4bbc4c20005b283681,1777014904,2026-04-24T07:15:04+00:00,0.61,clob_prices_history
50595160371163450458627399623056255966450921465584127304844415317723643207509,0xc7781eb0e4ab55dcecb64bba3cdb58a03d1275cfdc87ff4bbc4c20005b283681,1777015805,2026-04-24T07:30:05+00:00,0.61,clob_prices_history
50595160371163450458627399623056255966450921465584127304844415317723643207509,0xc7781eb0e4ab55dcecb64bba3cdb58a03d1275cfdc87ff4bbc4c20005b283681,1777016705,2026-04-24T07:45:05+00:00,0.61,clob_prices_history
50595160371163450458627399623056255966450921465584127304844415317723643207509,0xc7781eb0e4ab55dcecb64bba3cdb58a03d1275cfdc87ff4bbc4c20005b283681,1777017606,2026-04-24T08:00:06+00:00,0.61,clob_prices_history
50595160371163450458627399623056255966450921465584127304844415317723643207509,0xc7781eb0e4ab55dcecb64bba3cdb58a03d1275cfdc87ff4bbc4c20005b283681,1777018505,2026-04-24T08:15:05+00:00,0.61,clob_prices_history
50595160371163450458627399623056255966450921465584127304844415317723643207509,0xc7781eb0e4ab55dcecb64bba3cdb58a03d1275cfdc87ff4bbc4c20005b283681,1777019405,2026-04-24T08:30:05+00:00,0.61,clob_prices_history
50595160371163450458627399623056255966450921465584127304844415317723643207509,0xc7781eb0e4ab55dcecb64bba3cdb58a03d1275cfdc87ff4bbc4c20005b283681,1777020305,2026-04-24T08:45:05+00:00,0.605,clob_prices_history
50595160371163450458627399623056255966450921465584127304844415317723643207509,0xc7781eb0e4ab55dcecb64bba3cdb58a03d1275cfdc87ff4bbc4c20005b283681,1777021205,2026-04-24T09:00:05+00:00,0.605,clob_prices_history
50595160371163450458627399623056255966450921465584127304844415317723643207509,0xc7781eb0e4ab55dcecb64bba3cdb58a03d1275cfdc87ff4bbc4c20005b283681,1777022104,2026-04-24T09:15:04+00:00,0.605,clob_prices_history
50595160371163450458627399623056255966450921465584127304844415317723643207509,0xc7781eb0e4ab55dcecb64bba3cdb58a03d1275cfdc87ff4bbc4c20005b283681,1777023005,2026-04-24T09:30:05+00:00,0.6,clob_prices_history
50595160371163450458627399623056255966450921465584127304844415317723643207509,0xc7781eb0e4ab55dcecb64bba3cdb58a03d1275cfdc87ff4bbc4c20005b283681,1777023904,2026-04-24T09:45:04+00:00,0.6,clob_prices_history
50595160371163450458627399623056255966450921465584127304844415317723643207509,0xc7781eb0e4ab55dcecb64bba3cdb58a03d1275cfdc87ff4bbc4c20005b283681,1777024804,2026-04-24T10:00:04+00:00,0.605,clob_prices_history
50595160371163450458627399623056255966450921465584127304844415317723643207509,0xc7781eb0e4ab55dcecb64bba3cdb58a03d1275cfdc87ff4bbc4c20005b283681,1777025707,2026-04-24T10:15:07+00:00,0.62,clob_prices_history
50595160371163450458627399623056255966450921465584127304844415317723643207509,0xc7781eb0e4ab55dcecb64bba3cdb58a03d1275cfdc87ff4bbc4c20005b283681,1777026605,2026-04-24T10:30:05+00:00,0.62,clob_prices_history
50595160371163450458627399623056255966450921465584127304844415317723643207509,0xc7781eb0e4ab55dcecb64bba3cdb58a03d1275cfdc87ff4bbc4c20005b283681,1777027503,2026-04-24T10:45:03+00:00,0.62,clob_prices_history
50595160371163450458627399623056255966450921465584127304844415317723643207509,0xc7781eb0e4ab55dcecb64bba3cdb58a03d1275cfdc87ff4bbc4c20005b283681,1777028405,2026-04-24T11:00:05+00:00,0.62,clob_prices_history
50595160371163450458627399623056255966450921465584127304844415317723643207509,0xc7781eb0e4ab55dcecb64bba3cdb58a03d1275cfdc87ff4bbc4c20005b283681,1777029305,2026-04-24T11:15:05+00:00,0.62,clob_prices_history
50595160371163450458627399623056255966450921465584127304844415317723643207509,0xc7781eb0e4ab55dcecb64bba3cdb58a03d1275cfdc87ff4bbc4c20005b283681,1777030205,2026-04-24T11:30:05+00:00,0.62,clob_prices_history
50595160371163450458627399623056255966450921465584127304844415317723643207509,0xc7781eb0e4ab55dcecb64bba3cdb58a03d1275cfdc87ff4bbc4c20005b283681,1777031104,2026-04-24T11:45:04+00:00,0.505,clob_prices_history
50595160371163450458627399623056255966450921465584127304844415317723643207509,0xc7781eb0e4ab55dcecb64bba3cdb58a03d1275cfdc87ff4bbc4c20005b283681,1777032006,2026-04-24T12:00:06+00:00,0.54,clob_prices_history
50595160371163450458627399623056255966450921465584127304844415317723643207509,0xc7781eb0e4ab55dcecb64bba3cdb58a03d1275cfdc87ff4bbc4c20005b283681,1777032908,2026-04-24T12:15:08+00:00,0.53,clob_prices_history
50595160371163450458627399623056255966450921465584127304844415317723643207509,0xc7781eb0e4ab55dcecb64bba3cdb58a03d1275cfdc87ff4bbc4c20005b283681,1777033807,2026-04-24T12:30:07+00:00,0.53,clob_prices_history
50595160371163450458627399623056255966450921465584127304844415317723643207509,0xc7781eb0e4ab55dcecb64bba3cdb58a03d1275cfdc87ff4bbc4c20005b283681,1777034706,2026-04-24T12:45:06+00:00,0.535,clob_prices_history
50595160371163450458627399623056255966450921465584127304844415317723643207509,0xc7781eb0e4ab55dcecb64bba3cdb58a03d1275cfdc87ff4bbc4c20005b283681,1777035605,2026-04-24T13:00:05+00:00,0.41,clob_prices_history
50595160371163450458627399623056255966450921465584127304844415317723643207509,0xc7781eb0e4ab55dcecb64bba3cdb58a03d1275cfdc87ff4bbc4c20005b283681,1777036504,2026-04-24T13:15:04+00:00,0.41,clob_prices_history
50595160371163450458627399623056255966450921465584127304844415317723643207509,0xc7781eb0e4ab55dcecb64bba3cdb58a03d1275cfdc87ff4bbc4c20005b283681,1777037407,2026-04-24T13:30:07+00:00,0.41,clob_prices_history
50595160371163450458627399623056255966450921465584127304844415317723643207509,0xc7781eb0e4ab55dcecb64bba3cdb58a03d1275cfdc87ff4bbc4c20005b283681,1777038306,2026-04-24T13:45:06+00:00,0.41,clob_prices_history
50595160371163450458627399623056255966450921465584127304844415317723643207509,0xc7781eb0e4ab55dcecb64bba3cdb58a03d1275cfdc87ff4bbc4c20005b283681,1777039219,2026-04-24T14:00:19+00:00,0.41,clob_prices_history
50595160371163450458627399623056255966450921465584127304844415317723643207509,0xc7781eb0e4ab55dcecb64bba3cdb58a03d1275cfdc87ff4bbc4c20005b283681,1777040105,2026-04-24T14:15:05+00:00,0.41,clob_prices_history
50595160371163450458627399623056255966450921465584127304844415317723643207509,0xc7781eb0e4ab55dcecb64bba3cdb58a03d1275cfdc87ff4bbc4c20005b283681,1777041007,2026-04-24T14:30:07+00:00,0.41,clob_prices_history
50595160371163450458627399623056255966450921465584127304844415317723643207509,0xc7781eb0e4ab55dcecb64bba3cdb58a03d1275cfdc87ff4bbc4c20005b283681,1777041904,2026-04-24T14:45:04+00:00,0.41,clob_prices_history
50595160371163450458627399623056255966450921465584127304844415317723643207509,0xc7781eb0e4ab55dcecb64bba3cdb58a03d1275cfdc87ff4bbc4c20005b283681,1777042807,2026-04-24T15:00:07+00:00,0.52,clob_prices_history
50595160371163450458627399623056255966450921465584127304844415317723643207509,0xc7781eb0e4ab55dcecb64bba3cdb58a03d1275cfdc87ff4bbc4c20005b283681,1777043705,2026-04-24T15:15:05+00:00,0.535,clob_prices_history
50595160371163450458627399623056255966450921465584127304844415317723643207509,0xc7781eb0e4ab55dcecb64bba3cdb58a03d1275cfdc87ff4bbc4c20005b283681,1777044605,2026-04-24T15:30:05+00:00,0.54,clob_prices_history
50595160371163450458627399623056255966450921465584127304844415317723643207509,0xc7781eb0e4ab55dcecb64bba3cdb58a03d1275cfdc87ff4bbc4c20005b283681,1777045504,2026-04-24T15:45:04+00:00,0.54,clob_prices_history
50595160371163450458627399623056255966450921465584127304844415317723643207509,0xc7781eb0e4ab55dcecb64bba3cdb58a03d1275cfdc87ff4bbc4c20005b283681,1777046405,2026-04-24T16:00:05+00:00,0.54,clob_prices_history
50595160371163450458627399623056255966450921465584127304844415317723643207509,0xc7781eb0e4ab55dcecb64bba3cdb58a03d1275cfdc87ff4bbc4c20005b283681,1777047308,2026-04-24T16:15:08+00:00,0.54,clob_prices_history
50595160371163450458627399623056255966450921465584127304844415317723643207509,0xc7781eb0e4ab55dcecb64bba3cdb58a03d1275cfdc87ff4bbc4c20005b283681,1777048207,2026-04-24T16:30:07+00:00,0.53,clob_prices_history
50595160371163450458627399623056255966450921465584127304844415317723643207509,0xc7781eb0e4ab55dcecb64bba3cdb58a03d1275cfdc87ff4bbc4c20005b283681,1777049105,2026-04-24T16:45:05+00:00,0.53,clob_prices_history
50595160371163450458627399623056255966450921465584127304844415317723643207509,0xc7781eb0e4ab55dcecb64bba3cdb58a03d1275cfdc87ff4bbc4c20005b283681,1777050005,2026-04-24T17:00:05+00:00,0.53,clob_prices_history
50595160371163450458627399623056255966450921465584127304844415317723643207509,0xc7781eb0e4ab55dcecb64bba3cdb58a03d1275cfdc87ff4bbc4c20005b283681,1777050904,2026-04-24T17:15:04+00:00,0.54,clob_prices_history
50595160371163450458627399623056255966450921465584127304844415317723643207509,0xc7781eb0e4ab55dcecb64bba3cdb58a03d1275cfdc87ff4bbc4c20005b283681,1777051820,2026-04-24T17:30:20+00:00,0.54,clob_prices_history
50595160371163450458627399623056255966450921465584127304844415317723643207509,0xc7781eb0e4ab55dcecb64bba3cdb58a03d1275cfdc87ff4bbc4c20005b283681,1777052703,2026-04-24T17:45:03+00:00,0.555,clob_prices_history
50595160371163450458627399623056255966450921465584127304844415317723643207509,0xc7781eb0e4ab55dcecb64bba3cdb58a03d1275cfdc87ff4bbc4c20005b283681,1777053608,2026-04-24T18:00:08+00:00,0.585,clob_prices_history
50595160371163450458627399623056255966450921465584127304844415317723643207509,0xc7781eb0e4ab55dcecb64bba3cdb58a03d1275cfdc87ff4bbc4c20005b283681,1777054506,2026-04-24T18:15:06+00:00,0.585,clob_prices_history
50595160371163450458627399623056255966450921465584127304844415317723643207509,0xc7781eb0e4ab55dcecb64bba3cdb58a03d1275cfdc87ff4bbc4c20005b283681,1777055405,2026-04-24T18:30:05+00:00,0.6,clob_prices_history
50595160371163450458627399623056255966450921465584127304844415317723643207509,0xc7781eb0e4ab55dcecb64bba3cdb58a03d1275cfdc87ff4bbc4c20005b283681,1777056305,2026-04-24T18:45:05+00:00,0.595,clob_prices_history
50595160371163450458627399623056255966450921465584127304844415317723643207509,0xc7781eb0e4ab55dcecb64bba3cdb58a03d1275cfdc87ff4bbc4c20005b283681,1777057204,2026-04-24T19:00:04+00:00,0.6,clob_prices_history
50595160371163450458627399623056255966450921465584127304844415317723643207509,0xc7781eb0e4ab55dcecb64bba3cdb58a03d1275cfdc87ff4bbc4c20005b283681,1777058104,2026-04-24T19:15:04+00:00,0.6,clob_prices_history
50595160371163450458627399623056255966450921465584127304844415317723643207509,0xc7781eb0e4ab55dcecb64bba3cdb58a03d1275cfdc87ff4bbc4c20005b283681,1777059006,2026-04-24T19:30:06+00:00,0.655,clob_prices_history
50595160371163450458627399623056255966450921465584127304844415317723643207509,0xc7781eb0e4ab55dcecb64bba3cdb58a03d1275cfdc87ff4bbc4c20005b283681,1777059903,2026-04-24T19:45:03+00:00,0.635,clob_prices_history
50595160371163450458627399623056255966450921465584127304844415317723643207509,0xc7781eb0e4ab55dcecb64bba3cdb58a03d1275cfdc87ff4bbc4c20005b283681,1777060806,2026-04-24T20:00:06+00:00,0.71,clob_prices_history
50595160371163450458627399623056255966450921465584127304844415317723643207509,0xc7781eb0e4ab55dcecb64bba3cdb58a03d1275cfdc87ff4bbc4c20005b283681,1777061716,2026-04-24T20:15:16+00:00,0.655,clob_prices_history
50595160371163450458627399623056255966450921465584127304844415317723643207509,0xc7781eb0e4ab55dcecb64bba3cdb58a03d1275cfdc87ff4bbc4c20005b283681,1777062605,2026-04-24T20:30:05+00:00,0.695,clob_prices_history
50595160371163450458627399623056255966450921465584127304844415317723643207509,0xc7781eb0e4ab55dcecb64bba3cdb58a03d1275cfdc87ff4bbc4c20005b283681,1777063508,2026-04-24T20:45:08+00:00,0.715,clob_prices_history
50595160371163450458627399623056255966450921465584127304844415317723643207509,0xc7781eb0e4ab55dcecb64bba3cdb58a03d1275cfdc87ff4bbc4c20005b283681,1777064408,2026-04-24T21:00:08+00:00,0.7,clob_prices_history
50595160371163450458627399623056255966450921465584127304844415317723643207509,0xc7781eb0e4ab55dcecb64bba3cdb58a03d1275cfdc87ff4bbc4c20005b283681,1777065304,2026-04-24T21:15:04+00:00,0.7,clob_prices_history
50595160371163450458627399623056255966450921465584127304844415317723643207509,0xc7781eb0e4ab55dcecb64bba3cdb58a03d1275cfdc87ff4bbc4c20005b283681,1777066205,2026-04-24T21:30:05+00:00,0.655,clob_prices_history
50595160371163450458627399623056255966450921465584127304844415317723643207509,0xc7781eb0e4ab55dcecb64bba3cdb58a03d1275cfdc87ff4bbc4c20005b283681,1777067104,2026-04-24T21:45:04+00:00,0.71,clob_prices_history
50595160371163450458627399623056255966450921465584127304844415317723643207509,0xc7781eb0e4ab55dcecb64bba3cdb58a03d1275cfdc87ff4bbc4c20005b283681,1777068007,2026-04-24T22:00:07+00:00,0.655,clob_prices_history
50595160371163450458627399623056255966450921465584127304844415317723643207509,0xc7781eb0e4ab55dcecb64bba3cdb58a03d1275cfdc87ff4bbc4c20005b283681,1777068904,2026-04-24T22:15:04+00:00,0.65,clob_prices_history
50595160371163450458627399623056255966450921465584127304844415317723643207509,0xc7781eb0e4ab55dcecb64bba3cdb58a03d1275cfdc87ff4bbc4c20005b283681,1777069808,2026-04-24T22:30:08+00:00,0.665,clob_prices_history
50595160371163450458627399623056255966450921465584127304844415317723643207509,0xc7781eb0e4ab55dcecb64bba3cdb58a03d1275cfdc87ff4bbc4c20005b283681,1777070705,2026-04-24T22:45:05+00:00,0.655,clob_prices_history
50595160371163450458627399623056255966450921465584127304844415317723643207509,0xc7781eb0e4ab55dcecb64bba3cdb58a03d1275cfdc87ff4bbc4c20005b283681,1777071605,2026-04-24T23:00:05+00:00,0.655,clob_prices_history
50595160371163450458627399623056255966450921465584127304844415317723643207509,0xc7781eb0e4ab55dcecb64bba3cdb58a03d1275cfdc87ff4bbc4c20005b283681,1777072504,2026-04-24T23:15:04+00:00,0.67,clob_prices_history
50595160371163450458627399623056255966450921465584127304844415317723643207509,0xc7781eb0e4ab55dcecb64bba3cdb58a03d1275cfdc87ff4bbc4c20005b283681,1777073404,2026-04-24T23:30:04+00:00,0.705,clob_prices_history
50595160371163450458627399623056255966450921465584127304844415317723643207509,0xc7781eb0e4ab55dcecb64bba3cdb58a03d1275cfdc87ff4bbc4c20005b283681,1777074305,2026-04-24T23:45:05+00:00,0.695,clob_prices_history
50595160371163450458627399623056255966450921465584127304844415317723643207509,0xc7781eb0e4ab55dcecb64bba3cdb58a03d1275cfdc87ff4bbc4c20005b283681,1777075213,2026-04-25T00:00:13+00:00,0.695,clob_prices_history
50595160371163450458627399623056255966450921465584127304844415317723643207509,0xc7781eb0e4ab55dcecb64bba3cdb58a03d1275cfdc87ff4bbc4c20005b283681,1777076103,2026-04-25T00:15:03+00:00,0.675,clob_prices_history
50595160371163450458627399623056255966450921465584127304844415317723643207509,0xc7781eb0e4ab55dcecb64bba3cdb58a03d1275cfdc87ff4bbc4c20005b283681,1777077004,2026-04-25T00:30:04+00:00,0.71,clob_prices_history
50595160371163450458627399623056255966450921465584127304844415317723643207509,0xc7781eb0e4ab55dcecb64bba3cdb58a03d1275cfdc87ff4bbc4c20005b283681,1777077904,2026-04-25T00:45:04+00:00,0.695,clob_prices_history
50595160371163450458627399623056255966450921465584127304844415317723643207509,0xc7781eb0e4ab55dcecb64bba3cdb58a03d1275cfdc87ff4bbc4c20005b283681,1777078805,2026-04-25T01:00:05+00:00,0.69,clob_prices_history
50595160371163450458627399623056255966450921465584127304844415317723643207509,0xc7781eb0e4ab55dcecb64bba3cdb58a03d1275cfdc87ff4bbc4c20005b283681,1777079704,2026-04-25T01:15:04+00:00,0.68,clob_prices_history
50595160371163450458627399623056255966450921465584127304844415317723643207509,0xc7781eb0e4ab55dcecb64bba3cdb58a03d1275cfdc87ff4bbc4c20005b283681,1777080604,2026-04-25T01:30:04+00:00,0.67,clob_prices_history
50595160371163450458627399623056255966450921465584127304844415317723643207509,0xc7781eb0e4ab55dcecb64bba3cdb58a03d1275cfdc87ff4bbc4c20005b283681,1777081504,2026-04-25T01:45:04+00:00,0.665,clob_prices_history
50595160371163450458627399623056255966450921465584127304844415317723643207509,0xc7781eb0e4ab55dcecb64bba3cdb58a03d1275cfdc87ff4bbc4c20005b283681,1777082406,2026-04-25T02:00:06+00:00,0.67,clob_prices_history
50595160371163450458627399623056255966450921465584127304844415317723643207509,0xc7781eb0e4ab55dcecb64bba3cdb58a03d1275cfdc87ff4bbc4c20005b283681,1777083316,2026-04-25T02:15:16+00:00,0.725,clob_prices_history
50595160371163450458627399623056255966450921465584127304844415317723643207509,0xc7781eb0e4ab55dcecb64bba3cdb58a03d1275cfdc87ff4bbc4c20005b283681,1777084205,2026-04-25T02:30:05+00:00,0.67,clob_prices_history
50595160371163450458627399623056255966450921465584127304844415317723643207509,0xc7781eb0e4ab55dcecb64bba3cdb58a03d1275cfdc87ff4bbc4c20005b283681,1777085119,2026-04-25T02:45:19+00:00,0.665,clob_prices_history
50595160371163450458627399623056255966450921465584127304844415317723643207509,0xc7781eb0e4ab55dcecb64bba3cdb58a03d1275cfdc87ff4bbc4c20005b283681,1777086007,2026-04-25T03:00:07+00:00,0.72,clob_prices_history
50595160371163450458627399623056255966450921465584127304844415317723643207509,0xc7781eb0e4ab55dcecb64bba3cdb58a03d1275cfdc87ff4bbc4c20005b283681,1777086904,2026-04-25T03:15:04+00:00,0.73,clob_prices_history
50595160371163450458627399623056255966450921465584127304844415317723643207509,0xc7781eb0e4ab55dcecb64bba3cdb58a03d1275cfdc87ff4bbc4c20005b283681,1777087805,2026-04-25T03:30:05+00:00,0.725,clob_prices_history
50595160371163450458627399623056255966450921465584127304844415317723643207509,0xc7781eb0e4ab55dcecb64bba3cdb58a03d1275cfdc87ff4bbc4c20005b283681,1777088705,2026-04-25T03:45:05+00:00,0.72,clob_prices_history
50595160371163450458627399623056255966450921465584127304844415317723643207509,0xc7781eb0e4ab55dcecb64bba3cdb58a03d1275cfdc87ff4bbc4c20005b283681,1777089604,2026-04-25T04:00:04+00:00,0.74,clob_prices_history
50595160371163450458627399623056255966450921465584127304844415317723643207509,0xc7781eb0e4ab55dcecb64bba3cdb58a03d1275cfdc87ff4bbc4c20005b283681,1777090516,2026-04-25T04:15:16+00:00,0.725,clob_prices_history
50595160371163450458627399623056255966450921465584127304844415317723643207509,0xc7781eb0e4ab55dcecb64bba3cdb58a03d1275cfdc87ff4bbc4c20005b283681,1777091406,2026-04-25T04:30:06+00:00,0.725,clob_prices_history
50595160371163450458627399623056255966450921465584127304844415317723643207509,0xc7781eb0e4ab55dcecb64bba3cdb58a03d1275cfdc87ff4bbc4c20005b283681,1777092307,2026-04-25T04:45:07+00:00,0.745,clob_prices_history
50595160371163450458627399623056255966450921465584127304844415317723643207509,0xc7781eb0e4ab55dcecb64bba3cdb58a03d1275cfdc87ff4bbc4c20005b283681,1777093204,2026-04-25T05:00:04+00:00,0.73,clob_prices_history
50595160371163450458627399623056255966450921465584127304844415317723643207509,0xc7781eb0e4ab55dcecb64bba3cdb58a03d1275cfdc87ff4bbc4c20005b283681,1777094107,2026-04-25T05:15:07+00:00,0.73,clob_prices_history
50595160371163450458627399623056255966450921465584127304844415317723643207509,0xc7781eb0e4ab55dcecb64bba3cdb58a03d1275cfdc87ff4bbc4c20005b283681,1777095006,2026-04-25T05:30:06+00:00,0.725,clob_prices_history
50595160371163450458627399623056255966450921465584127304844415317723643207509,0xc7781eb0e4ab55dcecb64bba3cdb58a03d1275cfdc87ff4bbc4c20005b283681,1777095906,2026-04-25T05:45:06+00:00,0.72,clob_prices_history
50595160371163450458627399623056255966450921465584127304844415317723643207509,0xc7781eb0e4ab55dcecb64bba3cdb58a03d1275cfdc87ff4bbc4c20005b283681,1777096820,2026-04-25T06:00:20+00:00,0.72,clob_prices_history
50595160371163450458627399623056255966450921465584127304844415317723643207509,0xc7781eb0e4ab55dcecb64bba3cdb58a03d1275cfdc87ff4bbc4c20005b283681,1777097704,2026-04-25T06:15:04+00:00,0.72,clob_prices_history
50595160371163450458627399623056255966450921465584127304844415317723643207509,0xc7781eb0e4ab55dcecb64bba3cdb58a03d1275cfdc87ff4bbc4c20005b283681,1777098605,2026-04-25T06:30:05+00:00,0.72,clob_prices_history
50595160371163450458627399623056255966450921465584127304844415317723643207509,0xc7781eb0e4ab55dcecb64bba3cdb58a03d1275cfdc87ff4bbc4c20005b283681,1777099504,2026-04-25T06:45:04+00:00,0.72,clob_prices_history
50595160371163450458627399623056255966450921465584127304844415317723643207509,0xc7781eb0e4ab55dcecb64bba3cdb58a03d1275cfdc87ff4bbc4c20005b283681,1777100408,2026-04-25T07:00:08+00:00,0.725,clob_prices_history
50595160371163450458627399623056255966450921465584127304844415317723643207509,0xc7781eb0e4ab55dcecb64bba3cdb58a03d1275cfdc87ff4bbc4c20005b283681,1777101305,2026-04-25T07:15:05+00:00,0.72,clob_prices_history
50595160371163450458627399623056255966450921465584127304844415317723643207509,0xc7781eb0e4ab55dcecb64bba3cdb58a03d1275cfdc87ff4bbc4c20005b283681,1777102205,2026-04-25T07:30:05+00:00,0.72,clob_prices_history
50595160371163450458627399623056255966450921465584127304844415317723643207509,0xc7781eb0e4ab55dcecb64bba3cdb58a03d1275cfdc87ff4bbc4c20005b283681,1777103106,2026-04-25T07:45:06+00:00,0.725,clob_prices_history
50595160371163450458627399623056255966450921465584127304844415317723643207509,0xc7781eb0e4ab55dcecb64bba3cdb58a03d1275cfdc87ff4bbc4c20005b283681,1777104006,2026-04-25T08:00:06+00:00,0.725,clob_prices_history
50595160371163450458627399623056255966450921465584127304844415317723643207509,0xc7781eb0e4ab55dcecb64bba3cdb58a03d1275cfdc87ff4bbc4c20005b283681,1777104906,2026-04-25T08:15:06+00:00,0.73,clob_prices_history
50595160371163450458627399623056255966450921465584127304844415317723643207509,0xc7781eb0e4ab55dcecb64bba3cdb58a03d1275cfdc87ff4bbc4c20005b283681,1777105806,2026-04-25T08:30:06+00:00,0.73,clob_prices_history
50595160371163450458627399623056255966450921465584127304844415317723643207509,0xc7781eb0e4ab55dcecb64bba3cdb58a03d1275cfdc87ff4bbc4c20005b283681,1777106706,2026-04-25T08:45:06+00:00,0.73,clob_prices_history
50595160371163450458627399623056255966450921465584127304844415317723643207509,0xc7781eb0e4ab55dcecb64bba3cdb58a03d1275cfdc87ff4bbc4c20005b283681,1777107612,2026-04-25T09:00:12+00:00,0.66,clob_prices_history
50595160371163450458627399623056255966450921465584127304844415317723643207509,0xc7781eb0e4ab55dcecb64bba3cdb58a03d1275cfdc87ff4bbc4c20005b283681,1777108506,2026-04-25T09:15:06+00:00,0.645,clob_prices_history
50595160371163450458627399623056255966450921465584127304844415317723643207509,0xc7781eb0e4ab55dcecb64bba3cdb58a03d1275cfdc87ff4bbc4c20005b283681,1777109405,2026-04-25T09:30:05+00:00,0.655,clob_prices_history
50595160371163450458627399623056255966450921465584127304844415317723643207509,0xc7781eb0e4ab55dcecb64bba3cdb58a03d1275cfdc87ff4bbc4c20005b283681,1777110317,2026-04-25T09:45:17+00:00,0.655,clob_prices_history
50595160371163450458627399623056255966450921465584127304844415317723643207509,0xc7781eb0e4ab55dcecb64bba3cdb58a03d1275cfdc87ff4bbc4c20005b283681,1777111208,2026-04-25T10:00:08+00:00,0.655,clob_prices_history
50595160371163450458627399623056255966450921465584127304844415317723643207509,0xc7781eb0e4ab55dcecb64bba3cdb58a03d1275cfdc87ff4bbc4c20005b283681,1777112109,2026-04-25T10:15:09+00:00,0.695,clob_prices_history
50595160371163450458627399623056255966450921465584127304844415317723643207509,0xc7781eb0e4ab55dcecb64bba3cdb58a03d1275cfdc87ff4bbc4c20005b283681,1777113004,2026-04-25T10:30:04+00:00,0.695,clob_prices_history
50595160371163450458627399623056255966450921465584127304844415317723643207509,0xc7781eb0e4ab55dcecb64bba3cdb58a03d1275cfdc87ff4bbc4c20005b283681,1777113906,2026-04-25T10:45:06+00:00,0.69,clob_prices_history
50595160371163450458627399623056255966450921465584127304844415317723643207509,0xc7781eb0e4ab55dcecb64bba3cdb58a03d1275cfdc87ff4bbc4c20005b283681,1777114807,2026-04-25T11:00:07+00:00,0.69,clob_prices_history
50595160371163450458627399623056255966450921465584127304844415317723643207509,0xc7781eb0e4ab55dcecb64bba3cdb58a03d1275cfdc87ff4bbc4c20005b283681,1777115706,2026-04-25T11:15:06+00:00,0.725,clob_prices_history
50595160371163450458627399623056255966450921465584127304844415317723643207509,0xc7781eb0e4ab55dcecb64bba3cdb58a03d1275cfdc87ff4bbc4c20005b283681,1777116618,2026-04-25T11:30:18+00:00,0.715,clob_prices_history
50595160371163450458627399623056255966450921465584127304844415317723643207509,0xc7781eb0e4ab55dcecb64bba3cdb58a03d1275cfdc87ff4bbc4c20005b283681,1777117508,2026-04-25T11:45:08+00:00,0.71,clob_prices_history
50595160371163450458627399623056255966450921465584127304844415317723643207509,0xc7781eb0e4ab55dcecb64bba3cdb58a03d1275cfdc87ff4bbc4c20005b283681,1777118408,2026-04-25T12:00:08+00:00,0.715,clob_prices_history
50595160371163450458627399623056255966450921465584127304844415317723643207509,0xc7781eb0e4ab55dcecb64bba3cdb58a03d1275cfdc87ff4bbc4c20005b283681,1777119305,2026-04-25T12:15:05+00:00,0.715,clob_prices_history
50595160371163450458627399623056255966450921465584127304844415317723643207509,0xc7781eb0e4ab55dcecb64bba3cdb58a03d1275cfdc87ff4bbc4c20005b283681,1777120206,2026-04-25T12:30:06+00:00,0.715,clob_prices_history
50595160371163450458627399623056255966450921465584127304844415317723643207509,0xc7781eb0e4ab55dcecb64bba3cdb58a03d1275cfdc87ff4bbc4c20005b283681,1777121107,2026-04-25T12:45:07+00:00,0.71,clob_prices_history
50595160371163450458627399623056255966450921465584127304844415317723643207509,0xc7781eb0e4ab55dcecb64bba3cdb58a03d1275cfdc87ff4bbc4c20005b283681,1777122006,2026-04-25T13:00:06+00:00,0.715,clob_prices_history
50595160371163450458627399623056255966450921465584127304844415317723643207509,0xc7781eb0e4ab55dcecb64bba3cdb58a03d1275cfdc87ff4bbc4c20005b283681,1777122905,2026-04-25T13:15:05+00:00,0.715,clob_prices_history
50595160371163450458627399623056255966450921465584127304844415317723643207509,0xc7781eb0e4ab55dcecb64bba3cdb58a03d1275cfdc87ff4bbc4c20005b283681,1777123806,2026-04-25T13:30:06+00:00,0.71,clob_prices_history
50595160371163450458627399623056255966450921465584127304844415317723643207509,0xc7781eb0e4ab55dcecb64bba3cdb58a03d1275cfdc87ff4bbc4c20005b283681,1777124708,2026-04-25T13:45:08+00:00,0.71,clob_prices_history
50595160371163450458627399623056255966450921465584127304844415317723643207509,0xc7781eb0e4ab55dcecb64bba3cdb58a03d1275cfdc87ff4bbc4c20005b283681,1777125604,2026-04-25T14:00:04+00:00,0.71,clob_prices_history
50595160371163450458627399623056255966450921465584127304844415317723643207509,0xc7781eb0e4ab55dcecb64bba3cdb58a03d1275cfdc87ff4bbc4c20005b283681,1777126505,2026-04-25T14:15:05+00:00,0.71,clob_prices_history
50595160371163450458627399623056255966450921465584127304844415317723643207509,0xc7781eb0e4ab55dcecb64bba3cdb58a03d1275cfdc87ff4bbc4c20005b283681,1777127405,2026-04-25T14:30:05+00:00,0.715,clob_prices_history
50595160371163450458627399623056255966450921465584127304844415317723643207509,0xc7781eb0e4ab55dcecb64bba3cdb58a03d1275cfdc87ff4bbc4c20005b283681,1777128306,2026-04-25T14:45:06+00:00,0.715,clob_prices_history
50595160371163450458627399623056255966450921465584127304844415317723643207509,0xc7781eb0e4ab55dcecb64bba3cdb58a03d1275cfdc87ff4bbc4c20005b283681,1777129207,2026-04-25T15:00:07+00:00,0.71,clob_prices_history
50595160371163450458627399623056255966450921465584127304844415317723643207509,0xc7781eb0e4ab55dcecb64bba3cdb58a03d1275cfdc87ff4bbc4c20005b283681,1777130104,2026-04-25T15:15:04+00:00,0.715,clob_prices_history
50595160371163450458627399623056255966450921465584127304844415317723643207509,0xc7781eb0e4ab55dcecb64bba3cdb58a03d1275cfdc87ff4bbc4c20005b283681,1777131004,2026-04-25T15:30:04+00:00,0.715,clob_prices_history
50595160371163450458627399623056255966450921465584127304844415317723643207509,0xc7781eb0e4ab55dcecb64bba3cdb58a03d1275cfdc87ff4bbc4c20005b283681,1777131904,2026-04-25T15:45:04+00:00,0.715,clob_prices_history
50595160371163450458627399623056255966450921465584127304844415317723643207509,0xc7781eb0e4ab55dcecb64bba3cdb58a03d1275cfdc87ff4bbc4c20005b283681,1777132806,2026-04-25T16:00:06+00:00,0.715,clob_prices_history
50595160371163450458627399623056255966450921465584127304844415317723643207509,0xc7781eb0e4ab55dcecb64bba3cdb58a03d1275cfdc87ff4bbc4c20005b283681,1777133704,2026-04-25T16:15:04+00:00,0.715,clob_prices_history
50595160371163450458627399623056255966450921465584127304844415317723643207509,0xc7781eb0e4ab55dcecb64bba3cdb58a03d1275cfdc87ff4bbc4c20005b283681,1777134603,2026-04-25T16:30:03+00:00,0.715,clob_prices_history
50595160371163450458627399623056255966450921465584127304844415317723643207509,0xc7781eb0e4ab55dcecb64bba3cdb58a03d1275cfdc87ff4bbc4c20005b283681,1777135504,2026-04-25T16:45:04+00:00,0.715,clob_prices_history
50595160371163450458627399623056255966450921465584127304844415317723643207509,0xc7781eb0e4ab55dcecb64bba3cdb58a03d1275cfdc87ff4bbc4c20005b283681,1777136422,2026-04-25T17:00:22+00:00,0.71,clob_prices_history
50595160371163450458627399623056255966450921465584127304844415317723643207509,0xc7781eb0e4ab55dcecb64bba3cdb58a03d1275cfdc87ff4bbc4c20005b283681,1777137304,2026-04-25T17:15:04+00:00,0.715,clob_prices_history
50595160371163450458627399623056255966450921465584127304844415317723643207509,0xc7781eb0e4ab55dcecb64bba3cdb58a03d1275cfdc87ff4bbc4c20005b283681,1777138205,2026-04-25T17:30:05+00:00,0.715,clob_prices_history
50595160371163450458627399623056255966450921465584127304844415317723643207509,0xc7781eb0e4ab55dcecb64bba3cdb58a03d1275cfdc87ff4bbc4c20005b283681,1777139104,2026-04-25T17:45:04+00:00,0.71,clob_prices_history
50595160371163450458627399623056255966450921465584127304844415317723643207509,0xc7781eb0e4ab55dcecb64bba3cdb58a03d1275cfdc87ff4bbc4c20005b283681,1777140007,2026-04-25T18:00:07+00:00,0.715,clob_prices_history
50595160371163450458627399623056255966450921465584127304844415317723643207509,0xc7781eb0e4ab55dcecb64bba3cdb58a03d1275cfdc87ff4bbc4c20005b283681,1777140905,2026-04-25T18:15:05+00:00,0.71,clob_prices_history
50595160371163450458627399623056255966450921465584127304844415317723643207509,0xc7781eb0e4ab55dcecb64bba3cdb58a03d1275cfdc87ff4bbc4c20005b283681,1777141807,2026-04-25T18:30:07+00:00,0.71,clob_prices_history
50595160371163450458627399623056255966450921465584127304844415317723643207509,0xc7781eb0e4ab55dcecb64bba3cdb58a03d1275cfdc87ff4bbc4c20005b283681,1777142705,2026-04-25T18:45:05+00:00,0.71,clob_prices_history
50595160371163450458627399623056255966450921465584127304844415317723643207509,0xc7781eb0e4ab55dcecb64bba3cdb58a03d1275cfdc87ff4bbc4c20005b283681,1777143605,2026-04-25T19:00:05+00:00,0.71,clob_prices_history
50595160371163450458627399623056255966450921465584127304844415317723643207509,0xc7781eb0e4ab55dcecb64bba3cdb58a03d1275cfdc87ff4bbc4c20005b283681,1777144505,2026-04-25T19:15:05+00:00,0.71,clob_prices_history
50595160371163450458627399623056255966450921465584127304844415317723643207509,0xc7781eb0e4ab55dcecb64bba3cdb58a03d1275cfdc87ff4bbc4c20005b283681,1777145405,2026-04-25T19:30:05+00:00,0.71,clob_prices_history
50595160371163450458627399623056255966450921465584127304844415317723643207509,0xc7781eb0e4ab55dcecb64bba3cdb58a03d1275cfdc87ff4bbc4c20005b283681,1777146305,2026-04-25T19:45:05+00:00,0.71,clob_prices_history
50595160371163450458627399623056255966450921465584127304844415317723643207509,0xc7781eb0e4ab55dcecb64bba3cdb58a03d1275cfdc87ff4bbc4c20005b283681,1777147206,2026-04-25T20:00:06+00:00,0.71,clob_prices_history
50595160371163450458627399623056255966450921465584127304844415317723643207509,0xc7781eb0e4ab55dcecb64bba3cdb58a03d1275cfdc87ff4bbc4c20005b283681,1777148104,2026-04-25T20:15:04+00:00,0.71,clob_prices_history
50595160371163450458627399623056255966450921465584127304844415317723643207509,0xc7781eb0e4ab55dcecb64bba3cdb58a03d1275cfdc87ff4bbc4c20005b283681,1777149004,2026-04-25T20:30:04+00:00,0.715,clob_prices_history
50595160371163450458627399623056255966450921465584127304844415317723643207509,0xc7781eb0e4ab55dcecb64bba3cdb58a03d1275cfdc87ff4bbc4c20005b283681,1777149907,2026-04-25T20:45:07+00:00,0.71,clob_prices_history
50595160371163450458627399623056255966450921465584127304844415317723643207509,0xc7781eb0e4ab55dcecb64bba3cdb58a03d1275cfdc87ff4bbc4c20005b283681,1777150809,2026-04-25T21:00:09+00:00,0.71,clob_prices_history
50595160371163450458627399623056255966450921465584127304844415317723643207509,0xc7781eb0e4ab55dcecb64bba3cdb58a03d1275cfdc87ff4bbc4c20005b283681,1777151705,2026-04-25T21:15:05+00:00,0.71,clob_prices_history
50595160371163450458627399623056255966450921465584127304844415317723643207509,0xc7781eb0e4ab55dcecb64bba3cdb58a03d1275cfdc87ff4bbc4c20005b283681,1777152604,2026-04-25T21:30:04+00:00,0.715,clob_prices_history
50595160371163450458627399623056255966450921465584127304844415317723643207509,0xc7781eb0e4ab55dcecb64bba3cdb58a03d1275cfdc87ff4bbc4c20005b283681,1777153504,2026-04-25T21:45:04+00:00,0.715,clob_prices_history
50595160371163450458627399623056255966450921465584127304844415317723643207509,0xc7781eb0e4ab55dcecb64bba3cdb58a03d1275cfdc87ff4bbc4c20005b283681,1777154419,2026-04-25T22:00:19+00:00,0.705,clob_prices_history
50595160371163450458627399623056255966450921465584127304844415317723643207509,0xc7781eb0e4ab55dcecb64bba3cdb58a03d1275cfdc87ff4bbc4c20005b283681,1777155304,2026-04-25T22:15:04+00:00,0.7,clob_prices_history
50595160371163450458627399623056255966450921465584127304844415317723643207509,0xc7781eb0e4ab55dcecb64bba3cdb58a03d1275cfdc87ff4bbc4c20005b283681,1777156206,2026-04-25T22:30:06+00:00,0.7,clob_prices_history
50595160371163450458627399623056255966450921465584127304844415317723643207509,0xc7781eb0e4ab55dcecb64bba3cdb58a03d1275cfdc87ff4bbc4c20005b283681,1777157105,2026-04-25T22:45:05+00:00,0.7,clob_prices_history
50595160371163450458627399623056255966450921465584127304844415317723643207509,0xc7781eb0e4ab55dcecb64bba3cdb58a03d1275cfdc87ff4bbc4c20005b283681,1777158004,2026-04-25T23:00:04+00:00,0.7,clob_prices_history
50595160371163450458627399623056255966450921465584127304844415317723643207509,0xc7781eb0e4ab55dcecb64bba3cdb58a03d1275cfdc87ff4bbc4c20005b283681,1777158904,2026-04-25T23:15:04+00:00,0.7,clob_prices_history
50595160371163450458627399623056255966450921465584127304844415317723643207509,0xc7781eb0e4ab55dcecb64bba3cdb58a03d1275cfdc87ff4bbc4c20005b283681,1777159817,2026-04-25T23:30:17+00:00,0.7,clob_prices_history
50595160371163450458627399623056255966450921465584127304844415317723643207509,0xc7781eb0e4ab55dcecb64bba3cdb58a03d1275cfdc87ff4bbc4c20005b283681,1777160704,2026-04-25T23:45:04+00:00,0.7,clob_prices_history
50595160371163450458627399623056255966450921465584127304844415317723643207509,0xc7781eb0e4ab55dcecb64bba3cdb58a03d1275cfdc87ff4bbc4c20005b283681,1777161608,2026-04-26T00:00:08+00:00,0.7,clob_prices_history
50595160371163450458627399623056255966450921465584127304844415317723643207509,0xc7781eb0e4ab55dcecb64bba3cdb58a03d1275cfdc87ff4bbc4c20005b283681,1777162505,2026-04-26T00:15:05+00:00,0.7,clob_prices_history
50595160371163450458627399623056255966450921465584127304844415317723643207509,0xc7781eb0e4ab55dcecb64bba3cdb58a03d1275cfdc87ff4bbc4c20005b283681,1777163408,2026-04-26T00:30:08+00:00,0.7,clob_prices_history
50595160371163450458627399623056255966450921465584127304844415317723643207509,0xc7781eb0e4ab55dcecb64bba3cdb58a03d1275cfdc87ff4bbc4c20005b283681,1777164304,2026-04-26T00:45:04+00:00,0.7,clob_prices_history
50595160371163450458627399623056255966450921465584127304844415317723643207509,0xc7781eb0e4ab55dcecb64bba3cdb58a03d1275cfdc87ff4bbc4c20005b283681,1777165206,2026-04-26T01:00:06+00:00,0.7,clob_prices_history
50595160371163450458627399623056255966450921465584127304844415317723643207509,0xc7781eb0e4ab55dcecb64bba3cdb58a03d1275cfdc87ff4bbc4c20005b283681,1777166105,2026-04-26T01:15:05+00:00,0.7,clob_prices_history
50595160371163450458627399623056255966450921465584127304844415317723643207509,0xc7781eb0e4ab55dcecb64bba3cdb58a03d1275cfdc87ff4bbc4c20005b283681,1777167005,2026-04-26T01:30:05+00:00,0.7,clob_prices_history
50595160371163450458627399623056255966450921465584127304844415317723643207509,0xc7781eb0e4ab55dcecb64bba3cdb58a03d1275cfdc87ff4bbc4c20005b283681,1777167905,2026-04-26T01:45:05+00:00,0.695,clob_prices_history
50595160371163450458627399623056255966450921465584127304844415317723643207509,0xc7781eb0e4ab55dcecb64bba3cdb58a03d1275cfdc87ff4bbc4c20005b283681,1777168805,2026-04-26T02:00:05+00:00,0.7,clob_prices_history
50595160371163450458627399623056255966450921465584127304844415317723643207509,0xc7781eb0e4ab55dcecb64bba3cdb58a03d1275cfdc87ff4bbc4c20005b283681,1777169703,2026-04-26T02:15:03+00:00,0.7,clob_prices_history
50595160371163450458627399623056255966450921465584127304844415317723643207509,0xc7781eb0e4ab55dcecb64bba3cdb58a03d1275cfdc87ff4bbc4c20005b283681,1777170605,2026-04-26T02:30:05+00:00,0.7,clob_prices_history
50595160371163450458627399623056255966450921465584127304844415317723643207509,0xc7781eb0e4ab55dcecb64bba3cdb58a03d1275cfdc87ff4bbc4c20005b283681,1777171503,2026-04-26T02:45:03+00:00,0.7,clob_prices_history
50595160371163450458627399623056255966450921465584127304844415317723643207509,0xc7781eb0e4ab55dcecb64bba3cdb58a03d1275cfdc87ff4bbc4c20005b283681,1777172423,2026-04-26T03:00:23+00:00,0.705,clob_prices_history
50595160371163450458627399623056255966450921465584127304844415317723643207509,0xc7781eb0e4ab55dcecb64bba3cdb58a03d1275cfdc87ff4bbc4c20005b283681,1777173319,2026-04-26T03:15:19+00:00,0.7,clob_prices_history
50595160371163450458627399623056255966450921465584127304844415317723643207509,0xc7781eb0e4ab55dcecb64bba3cdb58a03d1275cfdc87ff4bbc4c20005b283681,1777174205,2026-04-26T03:30:05+00:00,0.7,clob_prices_history
50595160371163450458627399623056255966450921465584127304844415317723643207509,0xc7781eb0e4ab55dcecb64bba3cdb58a03d1275cfdc87ff4bbc4c20005b283681,1777175103,2026-04-26T03:45:03+00:00,0.705,clob_prices_history
50595160371163450458627399623056255966450921465584127304844415317723643207509,0xc7781eb0e4ab55dcecb64bba3cdb58a03d1275cfdc87ff4bbc4c20005b283681,1777176004,2026-04-26T04:00:04+00:00,0.705,clob_prices_history
50595160371163450458627399623056255966450921465584127304844415317723643207509,0xc7781eb0e4ab55dcecb64bba3cdb58a03d1275cfdc87ff4bbc4c20005b283681,1777176906,2026-04-26T04:15:06+00:00,0.705,clob_prices_history
50595160371163450458627399623056255966450921465584127304844415317723643207509,0xc7781eb0e4ab55dcecb64bba3cdb58a03d1275cfdc87ff4bbc4c20005b283681,1777177805,2026-04-26T04:30:05+00:00,0.7,clob_prices_history
50595160371163450458627399623056255966450921465584127304844415317723643207509,0xc7781eb0e4ab55dcecb64bba3cdb58a03d1275cfdc87ff4bbc4c20005b283681,1777178704,2026-04-26T04:45:04+00:00,0.7,clob_prices_history
50595160371163450458627399623056255966450921465584127304844415317723643207509,0xc7781eb0e4ab55dcecb64bba3cdb58a03d1275cfdc87ff4bbc4c20005b283681,1777179607,2026-04-26T05:00:07+00:00,0.7,clob_prices_history
50595160371163450458627399623056255966450921465584127304844415317723643207509,0xc7781eb0e4ab55dcecb64bba3cdb58a03d1275cfdc87ff4bbc4c20005b283681,1777180505,2026-04-26T05:15:05+00:00,0.7,clob_prices_history
50595160371163450458627399623056255966450921465584127304844415317723643207509,0xc7781eb0e4ab55dcecb64bba3cdb58a03d1275cfdc87ff4bbc4c20005b283681,1777181405,2026-04-26T05:30:05+00:00,0.7,clob_prices_history
50595160371163450458627399623056255966450921465584127304844415317723643207509,0xc7781eb0e4ab55dcecb64bba3cdb58a03d1275cfdc87ff4bbc4c20005b283681,1777182304,2026-04-26T05:45:04+00:00,0.7,clob_prices_history
50595160371163450458627399623056255966450921465584127304844415317723643207509,0xc7781eb0e4ab55dcecb64bba3cdb58a03d1275cfdc87ff4bbc4c20005b283681,1777183206,2026-04-26T06:00:06+00:00,0.7,clob_prices_history
50595160371163450458627399623056255966450921465584127304844415317723643207509,0xc7781eb0e4ab55dcecb64bba3cdb58a03d1275cfdc87ff4bbc4c20005b283681,1777184116,2026-04-26T06:15:16+00:00,0.7,clob_prices_history
50595160371163450458627399623056255966450921465584127304844415317723643207509,0xc7781eb0e4ab55dcecb64bba3cdb58a03d1275cfdc87ff4bbc4c20005b283681,1777185005,2026-04-26T06:30:05+00:00,0.705,clob_prices_history
50595160371163450458627399623056255966450921465584127304844415317723643207509,0xc7781eb0e4ab55dcecb64bba3cdb58a03d1275cfdc87ff4bbc4c20005b283681,1777185903,2026-04-26T06:45:03+00:00,0.7,clob_prices_history
50595160371163450458627399623056255966450921465584127304844415317723643207509,0xc7781eb0e4ab55dcecb64bba3cdb58a03d1275cfdc87ff4bbc4c20005b283681,1777186804,2026-04-26T07:00:04+00:00,0.7,clob_prices_history
50595160371163450458627399623056255966450921465584127304844415317723643207509,0xc7781eb0e4ab55dcecb64bba3cdb58a03d1275cfdc87ff4bbc4c20005b283681,1777187704,2026-04-26T07:15:04+00:00,0.7,clob_prices_history
50595160371163450458627399623056255966450921465584127304844415317723643207509,0xc7781eb0e4ab55dcecb64bba3cdb58a03d1275cfdc87ff4bbc4c20005b283681,1777188605,2026-04-26T07:30:05+00:00,0.7,clob_prices_history
50595160371163450458627399623056255966450921465584127304844415317723643207509,0xc7781eb0e4ab55dcecb64bba3cdb58a03d1275cfdc87ff4bbc4c20005b283681,1777189518,2026-04-26T07:45:18+00:00,0.7,clob_prices_history
50595160371163450458627399623056255966450921465584127304844415317723643207509,0xc7781eb0e4ab55dcecb64bba3cdb58a03d1275cfdc87ff4bbc4c20005b283681,1777190408,2026-04-26T08:00:08+00:00,0.7,clob_prices_history
50595160371163450458627399623056255966450921465584127304844415317723643207509,0xc7781eb0e4ab55dcecb64bba3cdb58a03d1275cfdc87ff4bbc4c20005b283681,1777191304,2026-04-26T08:15:04+00:00,0.7,clob_prices_history
50595160371163450458627399623056255966450921465584127304844415317723643207509,0xc7781eb0e4ab55dcecb64bba3cdb58a03d1275cfdc87ff4bbc4c20005b283681,1777192205,2026-04-26T08:30:05+00:00,0.7,clob_prices_history
50595160371163450458627399623056255966450921465584127304844415317723643207509,0xc7781eb0e4ab55dcecb64bba3cdb58a03d1275cfdc87ff4bbc4c20005b283681,1777193105,2026-04-26T08:45:05+00:00,0.7,clob_prices_history
50595160371163450458627399623056255966450921465584127304844415317723643207509,0xc7781eb0e4ab55dcecb64bba3cdb58a03d1275cfdc87ff4bbc4c20005b283681,1777194007,2026-04-26T09:00:07+00:00,0.695,clob_prices_history
50595160371163450458627399623056255966450921465584127304844415317723643207509,0xc7781eb0e4ab55dcecb64bba3cdb58a03d1275cfdc87ff4bbc4c20005b283681,1777194907,2026-04-26T09:15:07+00:00,0.695,clob_prices_history
50595160371163450458627399623056255966450921465584127304844415317723643207509,0xc7781eb0e4ab55dcecb64bba3cdb58a03d1275cfdc87ff4bbc4c20005b283681,1777195805,2026-04-26T09:30:05+00:00,0.695,clob_prices_history
50595160371163450458627399623056255966450921465584127304844415317723643207509,0xc7781eb0e4ab55dcecb64bba3cdb58a03d1275cfdc87ff4bbc4c20005b283681,1777196704,2026-04-26T09:45:04+00:00,0.69,clob_prices_history
50595160371163450458627399623056255966450921465584127304844415317723643207509,0xc7781eb0e4ab55dcecb64bba3cdb58a03d1275cfdc87ff4bbc4c20005b283681,1777197607,2026-04-26T10:00:07+00:00,0.685,clob_prices_history
50595160371163450458627399623056255966450921465584127304844415317723643207509,0xc7781eb0e4ab55dcecb64bba3cdb58a03d1275cfdc87ff4bbc4c20005b283681,1777198504,2026-04-26T10:15:04+00:00,0.69,clob_prices_history
50595160371163450458627399623056255966450921465584127304844415317723643207509,0xc7781eb0e4ab55dcecb64bba3cdb58a03d1275cfdc87ff4bbc4c20005b283681,1777199421,2026-04-26T10:30:21+00:00,0.69,clob_prices_history
50595160371163450458627399623056255966450921465584127304844415317723643207509,0xc7781eb0e4ab55dcecb64bba3cdb58a03d1275cfdc87ff4bbc4c20005b283681,1777200304,2026-04-26T10:45:04+00:00,0.69,clob_prices_history
50595160371163450458627399623056255966450921465584127304844415317723643207509,0xc7781eb0e4ab55dcecb64bba3cdb58a03d1275cfdc87ff4bbc4c20005b283681,1777201206,2026-04-26T11:00:06+00:00,0.695,clob_prices_history
50595160371163450458627399623056255966450921465584127304844415317723643207509,0xc7781eb0e4ab55dcecb64bba3cdb58a03d1275cfdc87ff4bbc4c20005b283681,1777202104,2026-04-26T11:15:04+00:00,0.69,clob_prices_history
50595160371163450458627399623056255966450921465584127304844415317723643207509,0xc7781eb0e4ab55dcecb64bba3cdb58a03d1275cfdc87ff4bbc4c20005b283681,1777203005,2026-04-26T11:30:05+00:00,0.69,clob_prices_history
50595160371163450458627399623056255966450921465584127304844415317723643207509,0xc7781eb0e4ab55dcecb64bba3cdb58a03d1275cfdc87ff4bbc4c20005b283681,1777203904,2026-04-26T11:45:04+00:00,0.695,clob_prices_history
50595160371163450458627399623056255966450921465584127304844415317723643207509,0xc7781eb0e4ab55dcecb64bba3cdb58a03d1275cfdc87ff4bbc4c20005b283681,1777204809,2026-04-26T12:00:09+00:00,0.695,clob_prices_history
50595160371163450458627399623056255966450921465584127304844415317723643207509,0xc7781eb0e4ab55dcecb64bba3cdb58a03d1275cfdc87ff4bbc4c20005b283681,1777205707,2026-04-26T12:15:07+00:00,0.695,clob_prices_history
50595160371163450458627399623056255966450921465584127304844415317723643207509,0xc7781eb0e4ab55dcecb64bba3cdb58a03d1275cfdc87ff4bbc4c20005b283681,1777206605,2026-04-26T12:30:05+00:00,0.695,clob_prices_history
50595160371163450458627399623056255966450921465584127304844415317723643207509,0xc7781eb0e4ab55dcecb64bba3cdb58a03d1275cfdc87ff4bbc4c20005b283681,1777207518,2026-04-26T12:45:18+00:00,0.685,clob_prices_history
50595160371163450458627399623056255966450921465584127304844415317723643207509,0xc7781eb0e4ab55dcecb64bba3cdb58a03d1275cfdc87ff4bbc4c20005b283681,1777208407,2026-04-26T13:00:07+00:00,0.69,clob_prices_history
50595160371163450458627399623056255966450921465584127304844415317723643207509,0xc7781eb0e4ab55dcecb64bba3cdb58a03d1275cfdc87ff4bbc4c20005b283681,1777209304,2026-04-26T13:15:04+00:00,0.69,clob_prices_history
50595160371163450458627399623056255966450921465584127304844415317723643207509,0xc7781eb0e4ab55dcecb64bba3cdb58a03d1275cfdc87ff4bbc4c20005b283681,1777210207,2026-04-26T13:30:07+00:00,0.69,clob_prices_history
50595160371163450458627399623056255966450921465584127304844415317723643207509,0xc7781eb0e4ab55dcecb64bba3cdb58a03d1275cfdc87ff4bbc4c20005b283681,1777211105,2026-04-26T13:45:05+00:00,0.69,clob_prices_history
50595160371163450458627399623056255966450921465584127304844415317723643207509,0xc7781eb0e4ab55dcecb64bba3cdb58a03d1275cfdc87ff4bbc4c20005b283681,1777212009,2026-04-26T14:00:09+00:00,0.685,clob_prices_history
50595160371163450458627399623056255966450921465584127304844415317723643207509,0xc7781eb0e4ab55dcecb64bba3cdb58a03d1275cfdc87ff4bbc4c20005b283681,1777212904,2026-04-26T14:15:04+00:00,0.685,clob_prices_history
50595160371163450458627399623056255966450921465584127304844415317723643207509,0xc7781eb0e4ab55dcecb64bba3cdb58a03d1275cfdc87ff4bbc4c20005b283681,1777213806,2026-04-26T14:30:06+00:00,0.685,clob_prices_history
50595160371163450458627399623056255966450921465584127304844415317723643207509,0xc7781eb0e4ab55dcecb64bba3cdb58a03d1275cfdc87ff4bbc4c20005b283681,1777214706,2026-04-26T14:45:06+00:00,0.685,clob_prices_history
50595160371163450458627399623056255966450921465584127304844415317723643207509,0xc7781eb0e4ab55dcecb64bba3cdb58a03d1275cfdc87ff4bbc4c20005b283681,1777215607,2026-04-26T15:00:07+00:00,0.69,clob_prices_history
50595160371163450458627399623056255966450921465584127304844415317723643207509,0xc7781eb0e4ab55dcecb64bba3cdb58a03d1275cfdc87ff4bbc4c20005b283681,1777216521,2026-04-26T15:15:21+00:00,0.695,clob_prices_history
50595160371163450458627399623056255966450921465584127304844415317723643207509,0xc7781eb0e4ab55dcecb64bba3cdb58a03d1275cfdc87ff4bbc4c20005b283681,1777217405,2026-04-26T15:30:05+00:00,0.69,clob_prices_history
50595160371163450458627399623056255966450921465584127304844415317723643207509,0xc7781eb0e4ab55dcecb64bba3cdb58a03d1275cfdc87ff4bbc4c20005b283681,1777218305,2026-04-26T15:45:05+00:00,0.69,clob_prices_history
50595160371163450458627399623056255966450921465584127304844415317723643207509,0xc7781eb0e4ab55dcecb64bba3cdb58a03d1275cfdc87ff4bbc4c20005b283681,1777219207,2026-04-26T16:00:07+00:00,0.69,clob_prices_history
50595160371163450458627399623056255966450921465584127304844415317723643207509,0xc7781eb0e4ab55dcecb64bba3cdb58a03d1275cfdc87ff4bbc4c20005b283681,1777220105,2026-04-26T16:15:05+00:00,0.695,clob_prices_history
50595160371163450458627399623056255966450921465584127304844415317723643207509,0xc7781eb0e4ab55dcecb64bba3cdb58a03d1275cfdc87ff4bbc4c20005b283681,1777221005,2026-04-26T16:30:05+00:00,0.675,clob_prices_history
50595160371163450458627399623056255966450921465584127304844415317723643207509,0xc7781eb0e4ab55dcecb64bba3cdb58a03d1275cfdc87ff4bbc4c20005b283681,1777221905,2026-04-26T16:45:05+00:00,0.675,clob_prices_history
50595160371163450458627399623056255966450921465584127304844415317723643207509,0xc7781eb0e4ab55dcecb64bba3cdb58a03d1275cfdc87ff4bbc4c20005b283681,1777222806,2026-04-26T17:00:06+00:00,0.675,clob_prices_history
50595160371163450458627399623056255966450921465584127304844415317723643207509,0xc7781eb0e4ab55dcecb64bba3cdb58a03d1275cfdc87ff4bbc4c20005b283681,1777223707,2026-04-26T17:15:07+00:00,0.675,clob_prices_history
50595160371163450458627399623056255966450921465584127304844415317723643207509,0xc7781eb0e4ab55dcecb64bba3cdb58a03d1275cfdc87ff4bbc4c20005b283681,1777224606,2026-04-26T17:30:06+00:00,0.675,clob_prices_history
50595160371163450458627399623056255966450921465584127304844415317723643207509,0xc7781eb0e4ab55dcecb64bba3cdb58a03d1275cfdc87ff4bbc4c20005b283681,1777225520,2026-04-26T17:45:20+00:00,0.675,clob_prices_history
50595160371163450458627399623056255966450921465584127304844415317723643207509,0xc7781eb0e4ab55dcecb64bba3cdb58a03d1275cfdc87ff4bbc4c20005b283681,1777226421,2026-04-26T18:00:21+00:00,0.675,clob_prices_history
50595160371163450458627399623056255966450921465584127304844415317723643207509,0xc7781eb0e4ab55dcecb64bba3cdb58a03d1275cfdc87ff4bbc4c20005b283681,1777227307,2026-04-26T18:15:07+00:00,0.675,clob_prices_history
50595160371163450458627399623056255966450921465584127304844415317723643207509,0xc7781eb0e4ab55dcecb64bba3cdb58a03d1275cfdc87ff4bbc4c20005b283681,1777228206,2026-04-26T18:30:06+00:00,0.675,clob_prices_history
50595160371163450458627399623056255966450921465584127304844415317723643207509,0xc7781eb0e4ab55dcecb64bba3cdb58a03d1275cfdc87ff4bbc4c20005b283681,1777229106,2026-04-26T18:45:06+00:00,0.675,clob_prices_history
50595160371163450458627399623056255966450921465584127304844415317723643207509,0xc7781eb0e4ab55dcecb64bba3cdb58a03d1275cfdc87ff4bbc4c20005b283681,1777230006,2026-04-26T19:00:06+00:00,0.63,clob_prices_history
50595160371163450458627399623056255966450921465584127304844415317723643207509,0xc7781eb0e4ab55dcecb64bba3cdb58a03d1275cfdc87ff4bbc4c20005b283681,1777230905,2026-04-26T19:15:05+00:00,0.615,clob_prices_history
50595160371163450458627399623056255966450921465584127304844415317723643207509,0xc7781eb0e4ab55dcecb64bba3cdb58a03d1275cfdc87ff4bbc4c20005b283681,1777231806,2026-04-26T19:30:06+00:00,0.625,clob_prices_history
50595160371163450458627399623056255966450921465584127304844415317723643207509,0xc7781eb0e4ab55dcecb64bba3cdb58a03d1275cfdc87ff4bbc4c20005b283681,1777232707,2026-04-26T19:45:07+00:00,0.615,clob_prices_history
50595160371163450458627399623056255966450921465584127304844415317723643207509,0xc7781eb0e4ab55dcecb64bba3cdb58a03d1275cfdc87ff4bbc4c20005b283681,1777233606,2026-04-26T20:00:06+00:00,0.605,clob_prices_history
50595160371163450458627399623056255966450921465584127304844415317723643207509,0xc7781eb0e4ab55dcecb64bba3cdb58a03d1275cfdc87ff4bbc4c20005b283681,1777234506,2026-04-26T20:15:06+00:00,0.605,clob_prices_history
50595160371163450458627399623056255966450921465584127304844415317723643207509,0xc7781eb0e4ab55dcecb64bba3cdb58a03d1275cfdc87ff4bbc4c20005b283681,1777235409,2026-04-26T20:30:09+00:00,0.615,clob_prices_history
50595160371163450458627399623056255966450921465584127304844415317723643207509,0xc7781eb0e4ab55dcecb64bba3cdb58a03d1275cfdc87ff4bbc4c20005b283681,1777236305,2026-04-26T20:45:05+00:00,0.605,clob_prices_history
50595160371163450458627399623056255966450921465584127304844415317723643207509,0xc7781eb0e4ab55dcecb64bba3cdb58a03d1275cfdc87ff4bbc4c20005b283681,1777237209,2026-04-26T21:00:09+00:00,0.605,clob_prices_history
50595160371163450458627399623056255966450921465584127304844415317723643207509,0xc7781eb0e4ab55dcecb64bba3cdb58a03d1275cfdc87ff4bbc4c20005b283681,1777238105,2026-04-26T21:15:05+00:00,0.615,clob_prices_history
50595160371163450458627399623056255966450921465584127304844415317723643207509,0xc7781eb0e4ab55dcecb64bba3cdb58a03d1275cfdc87ff4bbc4c20005b283681,1777239005,2026-04-26T21:30:05+00:00,0.61,clob_prices_history
50595160371163450458627399623056255966450921465584127304844415317723643207509,0xc7781eb0e4ab55dcecb64bba3cdb58a03d1275cfdc87ff4bbc4c20005b283681,1777239920,2026-04-26T21:45:20+00:00,0.605,clob_prices_history
50595160371163450458627399623056255966450921465584127304844415317723643207509,0xc7781eb0e4ab55dcecb64bba3cdb58a03d1275cfdc87ff4bbc4c20005b283681,1777240806,2026-04-26T22:00:06+00:00,0.625,clob_prices_history
50595160371163450458627399623056255966450921465584127304844415317723643207509,0xc7781eb0e4ab55dcecb64bba3cdb58a03d1275cfdc87ff4bbc4c20005b283681,1777241706,2026-04-26T22:15:06+00:00,0.615,clob_prices_history
50595160371163450458627399623056255966450921465584127304844415317723643207509,0xc7781eb0e4ab55dcecb64bba3cdb58a03d1275cfdc87ff4bbc4c20005b283681,1777242604,2026-04-26T22:30:04+00:00,0.625,clob_prices_history
50595160371163450458627399623056255966450921465584127304844415317723643207509,0xc7781eb0e4ab55dcecb64bba3cdb58a03d1275cfdc87ff4bbc4c20005b283681,1777243504,2026-04-26T22:45:04+00:00,0.64,clob_prices_history
50595160371163450458627399623056255966450921465584127304844415317723643207509,0xc7781eb0e4ab55dcecb64bba3cdb58a03d1275cfdc87ff4bbc4c20005b283681,1777244404,2026-04-26T23:00:04+00:00,0.635,clob_prices_history
50595160371163450458627399623056255966450921465584127304844415317723643207509,0xc7781eb0e4ab55dcecb64bba3cdb58a03d1275cfdc87ff4bbc4c20005b283681,1777245305,2026-04-26T23:15:05+00:00,0.63,clob_prices_history
50595160371163450458627399623056255966450921465584127304844415317723643207509,0xc7781eb0e4ab55dcecb64bba3cdb58a03d1275cfdc87ff4bbc4c20005b283681,1777246207,2026-04-26T23:30:07+00:00,0.625,clob_prices_history
50595160371163450458627399623056255966450921465584127304844415317723643207509,0xc7781eb0e4ab55dcecb64bba3cdb58a03d1275cfdc87ff4bbc4c20005b283681,1777247104,2026-04-26T23:45:04+00:00,0.635,clob_prices_history
50595160371163450458627399623056255966450921465584127304844415317723643207509,0xc7781eb0e4ab55dcecb64bba3cdb58a03d1275cfdc87ff4bbc4c20005b283681,1777248008,2026-04-27T00:00:08+00:00,0.625,clob_prices_history
50595160371163450458627399623056255966450921465584127304844415317723643207509,0xc7781eb0e4ab55dcecb64bba3cdb58a03d1275cfdc87ff4bbc4c20005b283681,1777248917,2026-04-27T00:15:17+00:00,0.645,clob_prices_history
50595160371163450458627399623056255966450921465584127304844415317723643207509,0xc7781eb0e4ab55dcecb64bba3cdb58a03d1275cfdc87ff4bbc4c20005b283681,1777249805,2026-04-27T00:30:05+00:00,0.625,clob_prices_history
50595160371163450458627399623056255966450921465584127304844415317723643207509,0xc7781eb0e4ab55dcecb64bba3cdb58a03d1275cfdc87ff4bbc4c20005b283681,1777250704,2026-04-27T00:45:04+00:00,0.625,clob_prices_history
50595160371163450458627399623056255966450921465584127304844415317723643207509,0xc7781eb0e4ab55dcecb64bba3cdb58a03d1275cfdc87ff4bbc4c20005b283681,1777251604,2026-04-27T01:00:04+00:00,0.635,clob_prices_history
50595160371163450458627399623056255966450921465584127304844415317723643207509,0xc7781eb0e4ab55dcecb64bba3cdb58a03d1275cfdc87ff4bbc4c20005b283681,1777252503,2026-04-27T01:15:03+00:00,0.645,clob_prices_history
50595160371163450458627399623056255966450921465584127304844415317723643207509,0xc7781eb0e4ab55dcecb64bba3cdb58a03d1275cfdc87ff4bbc4c20005b283681,1777253405,2026-04-27T01:30:05+00:00,0.63,clob_prices_history
50595160371163450458627399623056255966450921465584127304844415317723643207509,0xc7781eb0e4ab55dcecb64bba3cdb58a03d1275cfdc87ff4bbc4c20005b283681,1777254306,2026-04-27T01:45:06+00:00,0.63,clob_prices_history
50595160371163450458627399623056255966450921465584127304844415317723643207509,0xc7781eb0e4ab55dcecb64bba3cdb58a03d1275cfdc87ff4bbc4c20005b283681,1777255205,2026-04-27T02:00:05+00:00,0.63,clob_prices_history
50595160371163450458627399623056255966450921465584127304844415317723643207509,0xc7781eb0e4ab55dcecb64bba3cdb58a03d1275cfdc87ff4bbc4c20005b283681,1777256104,2026-04-27T02:15:04+00:00,0.635,clob_prices_history
50595160371163450458627399623056255966450921465584127304844415317723643207509,0xc7781eb0e4ab55dcecb64bba3cdb58a03d1275cfdc87ff4bbc4c20005b283681,1777257007,2026-04-27T02:30:07+00:00,0.625,clob_prices_history
50595160371163450458627399623056255966450921465584127304844415317723643207509,0xc7781eb0e4ab55dcecb64bba3cdb58a03d1275cfdc87ff4bbc4c20005b283681,1777257904,2026-04-27T02:45:04+00:00,0.63,clob_prices_history
50595160371163450458627399623056255966450921465584127304844415317723643207509,0xc7781eb0e4ab55dcecb64bba3cdb58a03d1275cfdc87ff4bbc4c20005b283681,1777258808,2026-04-27T03:00:08+00:00,0.63,clob_prices_history
50595160371163450458627399623056255966450921465584127304844415317723643207509,0xc7781eb0e4ab55dcecb64bba3cdb58a03d1275cfdc87ff4bbc4c20005b283681,1777259704,2026-04-27T03:15:04+00:00,0.625,clob_prices_history
50595160371163450458627399623056255966450921465584127304844415317723643207509,0xc7781eb0e4ab55dcecb64bba3cdb58a03d1275cfdc87ff4bbc4c20005b283681,1777260604,2026-04-27T03:30:04+00:00,0.63,clob_prices_history
50595160371163450458627399623056255966450921465584127304844415317723643207509,0xc7781eb0e4ab55dcecb64bba3cdb58a03d1275cfdc87ff4bbc4c20005b283681,1777261504,2026-04-27T03:45:04+00:00,0.625,clob_prices_history
50595160371163450458627399623056255966450921465584127304844415317723643207509,0xc7781eb0e4ab55dcecb64bba3cdb58a03d1275cfdc87ff4bbc4c20005b283681,1777262407,2026-04-27T04:00:07+00:00,0.625,clob_prices_history
50595160371163450458627399623056255966450921465584127304844415317723643207509,0xc7781eb0e4ab55dcecb64bba3cdb58a03d1275cfdc87ff4bbc4c20005b283681,1777263305,2026-04-27T04:15:05+00:00,0.62,clob_prices_history
50595160371163450458627399623056255966450921465584127304844415317723643207509,0xc7781eb0e4ab55dcecb64bba3cdb58a03d1275cfdc87ff4bbc4c20005b283681,1777264206,2026-04-27T04:30:06+00:00,0.62,clob_prices_history
50595160371163450458627399623056255966450921465584127304844415317723643207509,0xc7781eb0e4ab55dcecb64bba3cdb58a03d1275cfdc87ff4bbc4c20005b283681,1777265119,2026-04-27T04:45:19+00:00,0.62,clob_prices_history
50595160371163450458627399623056255966450921465584127304844415317723643207509,0xc7781eb0e4ab55dcecb64bba3cdb58a03d1275cfdc87ff4bbc4c20005b283681,1777266007,2026-04-27T05:00:07+00:00,0.62,clob_prices_history
50595160371163450458627399623056255966450921465584127304844415317723643207509,0xc7781eb0e4ab55dcecb64bba3cdb58a03d1275cfdc87ff4bbc4c20005b283681,1777266904,2026-04-27T05:15:04+00:00,0.62,clob_prices_history
50595160371163450458627399623056255966450921465584127304844415317723643207509,0xc7781eb0e4ab55dcecb64bba3cdb58a03d1275cfdc87ff4bbc4c20005b283681,1777267808,2026-04-27T05:30:08+00:00,0.62,clob_prices_history
50595160371163450458627399623056255966450921465584127304844415317723643207509,0xc7781eb0e4ab55dcecb64bba3cdb58a03d1275cfdc87ff4bbc4c20005b283681,1777268705,2026-04-27T05:45:05+00:00,0.62,clob_prices_history
50595160371163450458627399623056255966450921465584127304844415317723643207509,0xc7781eb0e4ab55dcecb64bba3cdb58a03d1275cfdc87ff4bbc4c20005b283681,1777269607,2026-04-27T06:00:07+00:00,0.615,clob_prices_history
50595160371163450458627399623056255966450921465584127304844415317723643207509,0xc7781eb0e4ab55dcecb64bba3cdb58a03d1275cfdc87ff4bbc4c20005b283681,1777270504,2026-04-27T06:15:04+00:00,0.62,clob_prices_history
50595160371163450458627399623056255966450921465584127304844415317723643207509,0xc7781eb0e4ab55dcecb64bba3cdb58a03d1275cfdc87ff4bbc4c20005b283681,1777271407,2026-04-27T06:30:07+00:00,0.62,clob_prices_history
50595160371163450458627399623056255966450921465584127304844415317723643207509,0xc7781eb0e4ab55dcecb64bba3cdb58a03d1275cfdc87ff4bbc4c20005b283681,1777272304,2026-04-27T06:45:04+00:00,0.62,clob_prices_history
50595160371163450458627399623056255966450921465584127304844415317723643207509,0xc7781eb0e4ab55dcecb64bba3cdb58a03d1275cfdc87ff4bbc4c20005b283681,1777273206,2026-04-27T07:00:06+00:00,0.615,clob_prices_history
50595160371163450458627399623056255966450921465584127304844415317723643207509,0xc7781eb0e4ab55dcecb64bba3cdb58a03d1275cfdc87ff4bbc4c20005b283681,1777274106,2026-04-27T07:15:06+00:00,0.62,clob_prices_history
50595160371163450458627399623056255966450921465584127304844415317723643207509,0xc7781eb0e4ab55dcecb64bba3cdb58a03d1275cfdc87ff4bbc4c20005b283681,1777275004,2026-04-27T07:30:04+00:00,0.62,clob_prices_history
50595160371163450458627399623056255966450921465584127304844415317723643207509,0xc7781eb0e4ab55dcecb64bba3cdb58a03d1275cfdc87ff4bbc4c20005b283681,1777275904,2026-04-27T07:45:04+00:00,0.62,clob_prices_history
50595160371163450458627399623056255966450921465584127304844415317723643207509,0xc7781eb0e4ab55dcecb64bba3cdb58a03d1275cfdc87ff4bbc4c20005b283681,1777276818,2026-04-27T08:00:18+00:00,0.625,clob_prices_history
50595160371163450458627399623056255966450921465584127304844415317723643207509,0xc7781eb0e4ab55dcecb64bba3cdb58a03d1275cfdc87ff4bbc4c20005b283681,1777277705,2026-04-27T08:15:05+00:00,0.625,clob_prices_history
50595160371163450458627399623056255966450921465584127304844415317723643207509,0xc7781eb0e4ab55dcecb64bba3cdb58a03d1275cfdc87ff4bbc4c20005b283681,1777278606,2026-04-27T08:30:06+00:00,0.625,clob_prices_history
50595160371163450458627399623056255966450921465584127304844415317723643207509,0xc7781eb0e4ab55dcecb64bba3cdb58a03d1275cfdc87ff4bbc4c20005b283681,1777279504,2026-04-27T08:45:04+00:00,0.62,clob_prices_history
50595160371163450458627399623056255966450921465584127304844415317723643207509,0xc7781eb0e4ab55dcecb64bba3cdb58a03d1275cfdc87ff4bbc4c20005b283681,1777280407,2026-04-27T09:00:07+00:00,0.625,clob_prices_history
50595160371163450458627399623056255966450921465584127304844415317723643207509,0xc7781eb0e4ab55dcecb64bba3cdb58a03d1275cfdc87ff4bbc4c20005b283681,1777281305,2026-04-27T09:15:05+00:00,0.615,clob_prices_history
50595160371163450458627399623056255966450921465584127304844415317723643207509,0xc7781eb0e4ab55dcecb64bba3cdb58a03d1275cfdc87ff4bbc4c20005b283681,1777282206,2026-04-27T09:30:06+00:00,0.635,clob_prices_history
50595160371163450458627399623056255966450921465584127304844415317723643207509,0xc7781eb0e4ab55dcecb64bba3cdb58a03d1275cfdc87ff4bbc4c20005b283681,1777283116,2026-04-27T09:45:16+00:00,0.555,clob_prices_history
50595160371163450458627399623056255966450921465584127304844415317723643207509,0xc7781eb0e4ab55dcecb64bba3cdb58a03d1275cfdc87ff4bbc4c20005b283681,1777284005,2026-04-27T10:00:05+00:00,0.545,clob_prices_history
50595160371163450458627399623056255966450921465584127304844415317723643207509,0xc7781eb0e4ab55dcecb64bba3cdb58a03d1275cfdc87ff4bbc4c20005b283681,1777284903,2026-04-27T10:15:03+00:00,0.55,clob_prices_history
50595160371163450458627399623056255966450921465584127304844415317723643207509,0xc7781eb0e4ab55dcecb64bba3cdb58a03d1275cfdc87ff4bbc4c20005b283681,1777285806,2026-04-27T10:30:06+00:00,0.54,clob_prices_history
50595160371163450458627399623056255966450921465584127304844415317723643207509,0xc7781eb0e4ab55dcecb64bba3cdb58a03d1275cfdc87ff4bbc4c20005b283681,1777286704,2026-04-27T10:45:04+00:00,0.555,clob_prices_history
50595160371163450458627399623056255966450921465584127304844415317723643207509,0xc7781eb0e4ab55dcecb64bba3cdb58a03d1275cfdc87ff4bbc4c20005b283681,1777287604,2026-04-27T11:00:04+00:00,0.545,clob_prices_history
50595160371163450458627399623056255966450921465584127304844415317723643207509,0xc7781eb0e4ab55dcecb64bba3cdb58a03d1275cfdc87ff4bbc4c20005b283681,1777288505,2026-04-27T11:15:05+00:00,0.525,clob_prices_history
50595160371163450458627399623056255966450921465584127304844415317723643207509,0xc7781eb0e4ab55dcecb64bba3cdb58a03d1275cfdc87ff4bbc4c20005b283681,1777289406,2026-04-27T11:30:06+00:00,0.54,clob_prices_history
50595160371163450458627399623056255966450921465584127304844415317723643207509,0xc7781eb0e4ab55dcecb64bba3cdb58a03d1275cfdc87ff4bbc4c20005b283681,1777290304,2026-04-27T11:45:04+00:00,0.535,clob_prices_history
50595160371163450458627399623056255966450921465584127304844415317723643207509,0xc7781eb0e4ab55dcecb64bba3cdb58a03d1275cfdc87ff4bbc4c20005b283681,1777291220,2026-04-27T12:00:20+00:00,0.565,clob_prices_history
50595160371163450458627399623056255966450921465584127304844415317723643207509,0xc7781eb0e4ab55dcecb64bba3cdb58a03d1275cfdc87ff4bbc4c20005b283681,1777292104,2026-04-27T12:15:04+00:00,0.545,clob_prices_history
50595160371163450458627399623056255966450921465584127304844415317723643207509,0xc7781eb0e4ab55dcecb64bba3cdb58a03d1275cfdc87ff4bbc4c20005b283681,1777293008,2026-04-27T12:30:08+00:00,0.59,clob_prices_history
50595160371163450458627399623056255966450921465584127304844415317723643207509,0xc7781eb0e4ab55dcecb64bba3cdb58a03d1275cfdc87ff4bbc4c20005b283681,1777293917,2026-04-27T12:45:17+00:00,0.58,clob_prices_history
50595160371163450458627399623056255966450921465584127304844415317723643207509,0xc7781eb0e4ab55dcecb64bba3cdb58a03d1275cfdc87ff4bbc4c20005b283681,1777294807,2026-04-27T13:00:07+00:00,0.595,clob_prices_history
50595160371163450458627399623056255966450921465584127304844415317723643207509,0xc7781eb0e4ab55dcecb64bba3cdb58a03d1275cfdc87ff4bbc4c20005b283681,1777295703,2026-04-27T13:15:03+00:00,0.59,clob_prices_history
50595160371163450458627399623056255966450921465584127304844415317723643207509,0xc7781eb0e4ab55dcecb64bba3cdb58a03d1275cfdc87ff4bbc4c20005b283681,1777296621,2026-04-27T13:30:21+00:00,0.59,clob_prices_history
50595160371163450458627399623056255966450921465584127304844415317723643207509,0xc7781eb0e4ab55dcecb64bba3cdb58a03d1275cfdc87ff4bbc4c20005b283681,1777297505,2026-04-27T13:45:05+00:00,0.615,clob_prices_history
50595160371163450458627399623056255966450921465584127304844415317723643207509,0xc7781eb0e4ab55dcecb64bba3cdb58a03d1275cfdc87ff4bbc4c20005b283681,1777298407,2026-04-27T14:00:07+00:00,0.615,clob_prices_history
50595160371163450458627399623056255966450921465584127304844415317723643207509,0xc7781eb0e4ab55dcecb64bba3cdb58a03d1275cfdc87ff4bbc4c20005b283681,1777299307,2026-04-27T14:15:07+00:00,0.62,clob_prices_history
50595160371163450458627399623056255966450921465584127304844415317723643207509,0xc7781eb0e4ab55dcecb64bba3cdb58a03d1275cfdc87ff4bbc4c20005b283681,1777300206,2026-04-27T14:30:06+00:00,0.62,clob_prices_history
50595160371163450458627399623056255966450921465584127304844415317723643207509,0xc7781eb0e4ab55dcecb64bba3cdb58a03d1275cfdc87ff4bbc4c20005b283681,1777301105,2026-04-27T14:45:05+00:00,0.585,clob_prices_history
50595160371163450458627399623056255966450921465584127304844415317723643207509,0xc7781eb0e4ab55dcecb64bba3cdb58a03d1275cfdc87ff4bbc4c20005b283681,1777302009,2026-04-27T15:00:09+00:00,0.57,clob_prices_history
50595160371163450458627399623056255966450921465584127304844415317723643207509,0xc7781eb0e4ab55dcecb64bba3cdb58a03d1275cfdc87ff4bbc4c20005b283681,1777302904,2026-04-27T15:15:04+00:00,0.57,clob_prices_history
50595160371163450458627399623056255966450921465584127304844415317723643207509,0xc7781eb0e4ab55dcecb64bba3cdb58a03d1275cfdc87ff4bbc4c20005b283681,1777303807,2026-04-27T15:30:07+00:00,0.57,clob_prices_history
50595160371163450458627399623056255966450921465584127304844415317723643207509,0xc7781eb0e4ab55dcecb64bba3cdb58a03d1275cfdc87ff4bbc4c20005b283681,1777304705,2026-04-27T15:45:05+00:00,0.575,clob_prices_history
50595160371163450458627399623056255966450921465584127304844415317723643207509,0xc7781eb0e4ab55dcecb64bba3cdb58a03d1275cfdc87ff4bbc4c20005b283681,1777305608,2026-04-27T16:00:08+00:00,0.575,clob_prices_history
50595160371163450458627399623056255966450921465584127304844415317723643207509,0xc7781eb0e4ab55dcecb64bba3cdb58a03d1275cfdc87ff4bbc4c20005b283681,1777306507,2026-04-27T16:15:07+00:00,0.57,clob_prices_history
50595160371163450458627399623056255966450921465584127304844415317723643207509,0xc7781eb0e4ab55dcecb64bba3cdb58a03d1275cfdc87ff4bbc4c20005b283681,1777307421,2026-04-27T16:30:21+00:00,0.57,clob_prices_history
50595160371163450458627399623056255966450921465584127304844415317723643207509,0xc7781eb0e4ab55dcecb64bba3cdb58a03d1275cfdc87ff4bbc4c20005b283681,1777308307,2026-04-27T16:45:07+00:00,0.575,clob_prices_history
50595160371163450458627399623056255966450921465584127304844415317723643207509,0xc7781eb0e4ab55dcecb64bba3cdb58a03d1275cfdc87ff4bbc4c20005b283681,1777309208,2026-04-27T17:00:08+00:00,0.575,clob_prices_history
50595160371163450458627399623056255966450921465584127304844415317723643207509,0xc7781eb0e4ab55dcecb64bba3cdb58a03d1275cfdc87ff4bbc4c20005b283681,1777310106,2026-04-27T17:15:06+00:00,0.575,clob_prices_history
50595160371163450458627399623056255966450921465584127304844415317723643207509,0xc7781eb0e4ab55dcecb64bba3cdb58a03d1275cfdc87ff4bbc4c20005b283681,1777311008,2026-04-27T17:30:08+00:00,0.57,clob_prices_history
50595160371163450458627399623056255966450921465584127304844415317723643207509,0xc7781eb0e4ab55dcecb64bba3cdb58a03d1275cfdc87ff4bbc4c20005b283681,1777311906,2026-04-27T17:45:06+00:00,0.57,clob_prices_history
50595160371163450458627399623056255966450921465584127304844415317723643207509,0xc7781eb0e4ab55dcecb64bba3cdb58a03d1275cfdc87ff4bbc4c20005b283681,1777312820,2026-04-27T18:00:20+00:00,0.575,clob_prices_history
50595160371163450458627399623056255966450921465584127304844415317723643207509,0xc7781eb0e4ab55dcecb64bba3cdb58a03d1275cfdc87ff4bbc4c20005b283681,1777313704,2026-04-27T18:15:04+00:00,0.575,clob_prices_history
50595160371163450458627399623056255966450921465584127304844415317723643207509,0xc7781eb0e4ab55dcecb64bba3cdb58a03d1275cfdc87ff4bbc4c20005b283681,1777314609,2026-04-27T18:30:09+00:00,0.575,clob_prices_history
50595160371163450458627399623056255966450921465584127304844415317723643207509,0xc7781eb0e4ab55dcecb64bba3cdb58a03d1275cfdc87ff4bbc4c20005b283681,1777315505,2026-04-27T18:45:05+00:00,0.575,clob_prices_history
50595160371163450458627399623056255966450921465584127304844415317723643207509,0xc7781eb0e4ab55dcecb64bba3cdb58a03d1275cfdc87ff4bbc4c20005b283681,1777316420,2026-04-27T19:00:20+00:00,0.58,clob_prices_history
50595160371163450458627399623056255966450921465584127304844415317723643207509,0xc7781eb0e4ab55dcecb64bba3cdb58a03d1275cfdc87ff4bbc4c20005b283681,1777317304,2026-04-27T19:15:04+00:00,0.575,clob_prices_history
50595160371163450458627399623056255966450921465584127304844415317723643207509,0xc7781eb0e4ab55dcecb64bba3cdb58a03d1275cfdc87ff4bbc4c20005b283681,1777318206,2026-04-27T19:30:06+00:00,0.565,clob_prices_history
50595160371163450458627399623056255966450921465584127304844415317723643207509,0xc7781eb0e4ab55dcecb64bba3cdb58a03d1275cfdc87ff4bbc4c20005b283681,1777319105,2026-04-27T19:45:05+00:00,0.565,clob_prices_history
50595160371163450458627399623056255966450921465584127304844415317723643207509,0xc7781eb0e4ab55dcecb64bba3cdb58a03d1275cfdc87ff4bbc4c20005b283681,1777320009,2026-04-27T20:00:09+00:00,0.575,clob_prices_history
50595160371163450458627399623056255966450921465584127304844415317723643207509,0xc7781eb0e4ab55dcecb64bba3cdb58a03d1275cfdc87ff4bbc4c20005b283681,1777320905,2026-04-27T20:15:05+00:00,0.57,clob_prices_history
50595160371163450458627399623056255966450921465584127304844415317723643207509,0xc7781eb0e4ab55dcecb64bba3cdb58a03d1275cfdc87ff4bbc4c20005b283681,1777321808,2026-04-27T20:30:08+00:00,0.57,clob_prices_history
50595160371163450458627399623056255966450921465584127304844415317723643207509,0xc7781eb0e4ab55dcecb64bba3cdb58a03d1275cfdc87ff4bbc4c20005b283681,1777322706,2026-04-27T20:45:06+00:00,0.565,clob_prices_history
50595160371163450458627399623056255966450921465584127304844415317723643207509,0xc7781eb0e4ab55dcecb64bba3cdb58a03d1275cfdc87ff4bbc4c20005b283681,1777323622,2026-04-27T21:00:22+00:00,0.57,clob_prices_history
50595160371163450458627399623056255966450921465584127304844415317723643207509,0xc7781eb0e4ab55dcecb64bba3cdb58a03d1275cfdc87ff4bbc4c20005b283681,1777324505,2026-04-27T21:15:05+00:00,0.57,clob_prices_history
50595160371163450458627399623056255966450921465584127304844415317723643207509,0xc7781eb0e4ab55dcecb64bba3cdb58a03d1275cfdc87ff4bbc4c20005b283681,1777325406,2026-04-27T21:30:06+00:00,0.57,clob_prices_history
50595160371163450458627399623056255966450921465584127304844415317723643207509,0xc7781eb0e4ab55dcecb64bba3cdb58a03d1275cfdc87ff4bbc4c20005b283681,1777326305,2026-04-27T21:45:05+00:00,0.555,clob_prices_history
50595160371163450458627399623056255966450921465584127304844415317723643207509,0xc7781eb0e4ab55dcecb64bba3cdb58a03d1275cfdc87ff4bbc4c20005b283681,1777327206,2026-04-27T22:00:06+00:00,0.55,clob_prices_history
50595160371163450458627399623056255966450921465584127304844415317723643207509,0xc7781eb0e4ab55dcecb64bba3cdb58a03d1275cfdc87ff4bbc4c20005b283681,1777328108,2026-04-27T22:15:08+00:00,0.545,clob_prices_history
50595160371163450458627399623056255966450921465584127304844415317723643207509,0xc7781eb0e4ab55dcecb64bba3cdb58a03d1275cfdc87ff4bbc4c20005b283681,1777329007,2026-04-27T22:30:07+00:00,0.545,clob_prices_history
50595160371163450458627399623056255966450921465584127304844415317723643207509,0xc7781eb0e4ab55dcecb64bba3cdb58a03d1275cfdc87ff4bbc4c20005b283681,1777329905,2026-04-27T22:45:05+00:00,0.54,clob_prices_history
50595160371163450458627399623056255966450921465584127304844415317723643207509,0xc7781eb0e4ab55dcecb64bba3cdb58a03d1275cfdc87ff4bbc4c20005b283681,1777330805,2026-04-27T23:00:05+00:00,0.54,clob_prices_history
50595160371163450458627399623056255966450921465584127304844415317723643207509,0xc7781eb0e4ab55dcecb64bba3cdb58a03d1275cfdc87ff4bbc4c20005b283681,1777331706,2026-04-27T23:15:06+00:00,0.54,clob_prices_history
50595160371163450458627399623056255966450921465584127304844415317723643207509,0xc7781eb0e4ab55dcecb64bba3cdb58a03d1275cfdc87ff4bbc4c20005b283681,1777332606,2026-04-27T23:30:06+00:00,0.54,clob_prices_history
50595160371163450458627399623056255966450921465584127304844415317723643207509,0xc7781eb0e4ab55dcecb64bba3cdb58a03d1275cfdc87ff4bbc4c20005b283681,1777333506,2026-04-27T23:45:06+00:00,0.54,clob_prices_history
50595160371163450458627399623056255966450921465584127304844415317723643207509,0xc7781eb0e4ab55dcecb64bba3cdb58a03d1275cfdc87ff4bbc4c20005b283681,1777334409,2026-04-28T00:00:09+00:00,0.54,clob_prices_history
50595160371163450458627399623056255966450921465584127304844415317723643207509,0xc7781eb0e4ab55dcecb64bba3cdb58a03d1275cfdc87ff4bbc4c20005b283681,1777335306,2026-04-28T00:15:06+00:00,0.54,clob_prices_history
50595160371163450458627399623056255966450921465584127304844415317723643207509,0xc7781eb0e4ab55dcecb64bba3cdb58a03d1275cfdc87ff4bbc4c20005b283681,1777336219,2026-04-28T00:30:19+00:00,0.54,clob_prices_history
50595160371163450458627399623056255966450921465584127304844415317723643207509,0xc7781eb0e4ab55dcecb64bba3cdb58a03d1275cfdc87ff4bbc4c20005b283681,1777337103,2026-04-28T00:45:03+00:00,0.54,clob_prices_history
50595160371163450458627399623056255966450921465584127304844415317723643207509,0xc7781eb0e4ab55dcecb64bba3cdb58a03d1275cfdc87ff4bbc4c20005b283681,1777338006,2026-04-28T01:00:06+00:00,0.54,clob_prices_history
50595160371163450458627399623056255966450921465584127304844415317723643207509,0xc7781eb0e4ab55dcecb64bba3cdb58a03d1275cfdc87ff4bbc4c20005b283681,1777338903,2026-04-28T01:15:03+00:00,0.54,clob_prices_history
50595160371163450458627399623056255966450921465584127304844415317723643207509,0xc7781eb0e4ab55dcecb64bba3cdb58a03d1275cfdc87ff4bbc4c20005b283681,1777339807,2026-04-28T01:30:07+00:00,0.54,clob_prices_history
50595160371163450458627399623056255966450921465584127304844415317723643207509,0xc7781eb0e4ab55dcecb64bba3cdb58a03d1275cfdc87ff4bbc4c20005b283681,1777340705,2026-04-28T01:45:05+00:00,0.54,clob_prices_history
50595160371163450458627399623056255966450921465584127304844415317723643207509,0xc7781eb0e4ab55dcecb64bba3cdb58a03d1275cfdc87ff4bbc4c20005b283681,1777341606,2026-04-28T02:00:06+00:00,0.54,clob_prices_history
50595160371163450458627399623056255966450921465584127304844415317723643207509,0xc7781eb0e4ab55dcecb64bba3cdb58a03d1275cfdc87ff4bbc4c20005b283681,1777342504,2026-04-28T02:15:04+00:00,0.54,clob_prices_history
50595160371163450458627399623056255966450921465584127304844415317723643207509,0xc7781eb0e4ab55dcecb64bba3cdb58a03d1275cfdc87ff4bbc4c20005b283681,1777343406,2026-04-28T02:30:06+00:00,0.54,clob_prices_history
50595160371163450458627399623056255966450921465584127304844415317723643207509,0xc7781eb0e4ab55dcecb64bba3cdb58a03d1275cfdc87ff4bbc4c20005b283681,1777344303,2026-04-28T02:45:03+00:00,0.54,clob_prices_history
50595160371163450458627399623056255966450921465584127304844415317723643207509,0xc7781eb0e4ab55dcecb64bba3cdb58a03d1275cfdc87ff4bbc4c20005b283681,1777345206,2026-04-28T03:00:06+00:00,0.54,clob_prices_history
50595160371163450458627399623056255966450921465584127304844415317723643207509,0xc7781eb0e4ab55dcecb64bba3cdb58a03d1275cfdc87ff4bbc4c20005b283681,1777346105,2026-04-28T03:15:05+00:00,0.54,clob_prices_history
50595160371163450458627399623056255966450921465584127304844415317723643207509,0xc7781eb0e4ab55dcecb64bba3cdb58a03d1275cfdc87ff4bbc4c20005b283681,1777347006,2026-04-28T03:30:06+00:00,0.54,clob_prices_history
50595160371163450458627399623056255966450921465584127304844415317723643207509,0xc7781eb0e4ab55dcecb64bba3cdb58a03d1275cfdc87ff4bbc4c20005b283681,1777347904,2026-04-28T03:45:04+00:00,0.54,clob_prices_history
50595160371163450458627399623056255966450921465584127304844415317723643207509,0xc7781eb0e4ab55dcecb64bba3cdb58a03d1275cfdc87ff4bbc4c20005b283681,1777348809,2026-04-28T04:00:09+00:00,0.54,clob_prices_history
50595160371163450458627399623056255966450921465584127304844415317723643207509,0xc7781eb0e4ab55dcecb64bba3cdb58a03d1275cfdc87ff4bbc4c20005b283681,1777349704,2026-04-28T04:15:04+00:00,0.54,clob_prices_history
50595160371163450458627399623056255966450921465584127304844415317723643207509,0xc7781eb0e4ab55dcecb64bba3cdb58a03d1275cfdc87ff4bbc4c20005b283681,1777350604,2026-04-28T04:30:04+00:00,0.54,clob_prices_history
50595160371163450458627399623056255966450921465584127304844415317723643207509,0xc7781eb0e4ab55dcecb64bba3cdb58a03d1275cfdc87ff4bbc4c20005b283681,1777351503,2026-04-28T04:45:03+00:00,0.535,clob_prices_history
50595160371163450458627399623056255966450921465584127304844415317723643207509,0xc7781eb0e4ab55dcecb64bba3cdb58a03d1275cfdc87ff4bbc4c20005b283681,1777352405,2026-04-28T05:00:05+00:00,0.535,clob_prices_history
50595160371163450458627399623056255966450921465584127304844415317723643207509,0xc7781eb0e4ab55dcecb64bba3cdb58a03d1275cfdc87ff4bbc4c20005b283681,1777353304,2026-04-28T05:15:04+00:00,0.615,clob_prices_history
50595160371163450458627399623056255966450921465584127304844415317723643207509,0xc7781eb0e4ab55dcecb64bba3cdb58a03d1275cfdc87ff4bbc4c20005b283681,1777354205,2026-04-28T05:30:05+00:00,0.615,clob_prices_history
50595160371163450458627399623056255966450921465584127304844415317723643207509,0xc7781eb0e4ab55dcecb64bba3cdb58a03d1275cfdc87ff4bbc4c20005b283681,1777355104,2026-04-28T05:45:04+00:00,0.615,clob_prices_history
50595160371163450458627399623056255966450921465584127304844415317723643207509,0xc7781eb0e4ab55dcecb64bba3cdb58a03d1275cfdc87ff4bbc4c20005b283681,1777356006,2026-04-28T06:00:06+00:00,0.615,clob_prices_history
50595160371163450458627399623056255966450921465584127304844415317723643207509,0xc7781eb0e4ab55dcecb64bba3cdb58a03d1275cfdc87ff4bbc4c20005b283681,1777356903,2026-04-28T06:15:03+00:00,0.615,clob_prices_history
50595160371163450458627399623056255966450921465584127304844415317723643207509,0xc7781eb0e4ab55dcecb64bba3cdb58a03d1275cfdc87ff4bbc4c20005b283681,1777357804,2026-04-28T06:30:04+00:00,0.615,clob_prices_history
50595160371163450458627399623056255966450921465584127304844415317723643207509,0xc7781eb0e4ab55dcecb64bba3cdb58a03d1275cfdc87ff4bbc4c20005b283681,1777358703,2026-04-28T06:45:03+00:00,0.615,clob_prices_history
50595160371163450458627399623056255966450921465584127304844415317723643207509,0xc7781eb0e4ab55dcecb64bba3cdb58a03d1275cfdc87ff4bbc4c20005b283681,1777359619,2026-04-28T07:00:19+00:00,0.615,clob_prices_history
50595160371163450458627399623056255966450921465584127304844415317723643207509,0xc7781eb0e4ab55dcecb64bba3cdb58a03d1275cfdc87ff4bbc4c20005b283681,1777360504,2026-04-28T07:15:04+00:00,0.62,clob_prices_history
50595160371163450458627399623056255966450921465584127304844415317723643207509,0xc7781eb0e4ab55dcecb64bba3cdb58a03d1275cfdc87ff4bbc4c20005b283681,1777361405,2026-04-28T07:30:05+00:00,0.62,clob_prices_history
50595160371163450458627399623056255966450921465584127304844415317723643207509,0xc7781eb0e4ab55dcecb64bba3cdb58a03d1275cfdc87ff4bbc4c20005b283681,1777362304,2026-04-28T07:45:04+00:00,0.59,clob_prices_history
50595160371163450458627399623056255966450921465584127304844415317723643207509,0xc7781eb0e4ab55dcecb64bba3cdb58a03d1275cfdc87ff4bbc4c20005b283681,1777363205,2026-04-28T08:00:05+00:00,0.565,clob_prices_history
50595160371163450458627399623056255966450921465584127304844415317723643207509,0xc7781eb0e4ab55dcecb64bba3cdb58a03d1275cfdc87ff4bbc4c20005b283681,1777364106,2026-04-28T08:15:06+00:00,0.64,clob_prices_history
50595160371163450458627399623056255966450921465584127304844415317723643207509,0xc7781eb0e4ab55dcecb64bba3cdb58a03d1275cfdc87ff4bbc4c20005b283681,1777365005,2026-04-28T08:30:05+00:00,0.745,clob_prices_history
50595160371163450458627399623056255966450921465584127304844415317723643207509,0xc7781eb0e4ab55dcecb64bba3cdb58a03d1275cfdc87ff4bbc4c20005b283681,1777365904,2026-04-28T08:45:04+00:00,0.73,clob_prices_history
50595160371163450458627399623056255966450921465584127304844415317723643207509,0xc7781eb0e4ab55dcecb64bba3cdb58a03d1275cfdc87ff4bbc4c20005b283681,1777366810,2026-04-28T09:00:10+00:00,0.755,clob_prices_history
50595160371163450458627399623056255966450921465584127304844415317723643207509,0xc7781eb0e4ab55dcecb64bba3cdb58a03d1275cfdc87ff4bbc4c20005b283681,1777367703,2026-04-28T09:15:03+00:00,0.765,clob_prices_history
50595160371163450458627399623056255966450921465584127304844415317723643207509,0xc7781eb0e4ab55dcecb64bba3cdb58a03d1275cfdc87ff4bbc4c20005b283681,1777368605,2026-04-28T09:30:05+00:00,0.735,clob_prices_history
50595160371163450458627399623056255966450921465584127304844415317723643207509,0xc7781eb0e4ab55dcecb64bba3cdb58a03d1275cfdc87ff4bbc4c20005b283681,1777369519,2026-04-28T09:45:19+00:00,0.74,clob_prices_history
50595160371163450458627399623056255966450921465584127304844415317723643207509,0xc7781eb0e4ab55dcecb64bba3cdb58a03d1275cfdc87ff4bbc4c20005b283681,1777370404,2026-04-28T10:00:04+00:00,0.75,clob_prices_history
50595160371163450458627399623056255966450921465584127304844415317723643207509,0xc7781eb0e4ab55dcecb64bba3cdb58a03d1275cfdc87ff4bbc4c20005b283681,1777371305,2026-04-28T10:15:05+00:00,0.745,clob_prices_history
50595160371163450458627399623056255966450921465584127304844415317723643207509,0xc7781eb0e4ab55dcecb64bba3cdb58a03d1275cfdc87ff4bbc4c20005b283681,1777372218,2026-04-28T10:30:18+00:00,0.74,clob_prices_history
50595160371163450458627399623056255966450921465584127304844415317723643207509,0xc7781eb0e4ab55dcecb64bba3cdb58a03d1275cfdc87ff4bbc4c20005b283681,1777373103,2026-04-28T10:45:03+00:00,0.765,clob_prices_history
50595160371163450458627399623056255966450921465584127304844415317723643207509,0xc7781eb0e4ab55dcecb64bba3cdb58a03d1275cfdc87ff4bbc4c20005b283681,1777374003,2026-04-28T11:00:03+00:00,0.74,clob_prices_history
50595160371163450458627399623056255966450921465584127304844415317723643207509,0xc7781eb0e4ab55dcecb64bba3cdb58a03d1275cfdc87ff4bbc4c20005b283681,1777374903,2026-04-28T11:15:03+00:00,0.74,clob_prices_history
50595160371163450458627399623056255966450921465584127304844415317723643207509,0xc7781eb0e4ab55dcecb64bba3cdb58a03d1275cfdc87ff4bbc4c20005b283681,1777375804,2026-04-28T11:30:04+00:00,0.74,clob_prices_history
50595160371163450458627399623056255966450921465584127304844415317723643207509,0xc7781eb0e4ab55dcecb64bba3cdb58a03d1275cfdc87ff4bbc4c20005b283681,1777376704,2026-04-28T11:45:04+00:00,0.74,clob_prices_history
50595160371163450458627399623056255966450921465584127304844415317723643207509,0xc7781eb0e4ab55dcecb64bba3cdb58a03d1275cfdc87ff4bbc4c20005b283681,1777377607,2026-04-28T12:00:07+00:00,0.74,clob_prices_history
50595160371163450458627399623056255966450921465584127304844415317723643207509,0xc7781eb0e4ab55dcecb64bba3cdb58a03d1275cfdc87ff4bbc4c20005b283681,1777378505,2026-04-28T12:15:05+00:00,0.74,clob_prices_history
50595160371163450458627399623056255966450921465584127304844415317723643207509,0xc7781eb0e4ab55dcecb64bba3cdb58a03d1275cfdc87ff4bbc4c20005b283681,1777379408,2026-04-28T12:30:08+00:00,0.74,clob_prices_history
50595160371163450458627399623056255966450921465584127304844415317723643207509,0xc7781eb0e4ab55dcecb64bba3cdb58a03d1275cfdc87ff4bbc4c20005b283681,1777380304,2026-04-28T12:45:04+00:00,0.74,clob_prices_history
50595160371163450458627399623056255966450921465584127304844415317723643207509,0xc7781eb0e4ab55dcecb64bba3cdb58a03d1275cfdc87ff4bbc4c20005b283681,1777381205,2026-04-28T13:00:05+00:00,0.78,clob_prices_history
50595160371163450458627399623056255966450921465584127304844415317723643207509,0xc7781eb0e4ab55dcecb64bba3cdb58a03d1275cfdc87ff4bbc4c20005b283681,1777382103,2026-04-28T13:15:03+00:00,0.78,clob_prices_history
50595160371163450458627399623056255966450921465584127304844415317723643207509,0xc7781eb0e4ab55dcecb64bba3cdb58a03d1275cfdc87ff4bbc4c20005b283681,1777383007,2026-04-28T13:30:07+00:00,0.785,clob_prices_history
50595160371163450458627399623056255966450921465584127304844415317723643207509,0xc7781eb0e4ab55dcecb64bba3cdb58a03d1275cfdc87ff4bbc4c20005b283681,1777383904,2026-04-28T13:45:04+00:00,0.775,clob_prices_history
50595160371163450458627399623056255966450921465584127304844415317723643207509,0xc7781eb0e4ab55dcecb64bba3cdb58a03d1275cfdc87ff4bbc4c20005b283681,1777384806,2026-04-28T14:00:06+00:00,0.78,clob_prices_history
50595160371163450458627399623056255966450921465584127304844415317723643207509,0xc7781eb0e4ab55dcecb64bba3cdb58a03d1275cfdc87ff4bbc4c20005b283681,1777385704,2026-04-28T14:15:04+00:00,0.78,clob_prices_history
50595160371163450458627399623056255966450921465584127304844415317723643207509,0xc7781eb0e4ab55dcecb64bba3cdb58a03d1275cfdc87ff4bbc4c20005b283681,1777386604,2026-04-28T14:30:04+00:00,0.775,clob_prices_history
50595160371163450458627399623056255966450921465584127304844415317723643207509,0xc7781eb0e4ab55dcecb64bba3cdb58a03d1275cfdc87ff4bbc4c20005b283681,1777387505,2026-04-28T14:45:05+00:00,0.78,clob_prices_history
50595160371163450458627399623056255966450921465584127304844415317723643207509,0xc7781eb0e4ab55dcecb64bba3cdb58a03d1275cfdc87ff4bbc4c20005b283681,1777388408,2026-04-28T15:00:08+00:00,0.775,clob_prices_history
50595160371163450458627399623056255966450921465584127304844415317723643207509,0xc7781eb0e4ab55dcecb64bba3cdb58a03d1275cfdc87ff4bbc4c20005b283681,1777389304,2026-04-28T15:15:04+00:00,0.785,clob_prices_history
50595160371163450458627399623056255966450921465584127304844415317723643207509,0xc7781eb0e4ab55dcecb64bba3cdb58a03d1275cfdc87ff4bbc4c20005b283681,1777390206,2026-04-28T15:30:06+00:00,0.795,clob_prices_history
50595160371163450458627399623056255966450921465584127304844415317723643207509,0xc7781eb0e4ab55dcecb64bba3cdb58a03d1275cfdc87ff4bbc4c20005b283681,1777391103,2026-04-28T15:45:03+00:00,0.79,clob_prices_history
50595160371163450458627399623056255966450921465584127304844415317723643207509,0xc7781eb0e4ab55dcecb64bba3cdb58a03d1275cfdc87ff4bbc4c20005b283681,1777392005,2026-04-28T16:00:05+00:00,0.79,clob_prices_history
50595160371163450458627399623056255966450921465584127304844415317723643207509,0xc7781eb0e4ab55dcecb64bba3cdb58a03d1275cfdc87ff4bbc4c20005b283681,1777392903,2026-04-28T16:15:03+00:00,0.79,clob_prices_history
50595160371163450458627399623056255966450921465584127304844415317723643207509,0xc7781eb0e4ab55dcecb64bba3cdb58a03d1275cfdc87ff4bbc4c20005b283681,1777393804,2026-04-28T16:30:04+00:00,0.79,clob_prices_history
50595160371163450458627399623056255966450921465584127304844415317723643207509,0xc7781eb0e4ab55dcecb64bba3cdb58a03d1275cfdc87ff4bbc4c20005b283681,1777394703,2026-04-28T16:45:03+00:00,0.79,clob_prices_history
50595160371163450458627399623056255966450921465584127304844415317723643207509,0xc7781eb0e4ab55dcecb64bba3cdb58a03d1275cfdc87ff4bbc4c20005b283681,1777395605,2026-04-28T17:00:05+00:00,0.79,clob_prices_history
50595160371163450458627399623056255966450921465584127304844415317723643207509,0xc7781eb0e4ab55dcecb64bba3cdb58a03d1275cfdc87ff4bbc4c20005b283681,1777396504,2026-04-28T17:15:04+00:00,0.785,clob_prices_history
50595160371163450458627399623056255966450921465584127304844415317723643207509,0xc7781eb0e4ab55dcecb64bba3cdb58a03d1275cfdc87ff4bbc4c20005b283681,1777397408,2026-04-28T17:30:08+00:00,0.79,clob_prices_history
50595160371163450458627399623056255966450921465584127304844415317723643207509,0xc7781eb0e4ab55dcecb64bba3cdb58a03d1275cfdc87ff4bbc4c20005b283681,1777398304,2026-04-28T17:45:04+00:00,0.79,clob_prices_history
50595160371163450458627399623056255966450921465584127304844415317723643207509,0xc7781eb0e4ab55dcecb64bba3cdb58a03d1275cfdc87ff4bbc4c20005b283681,1777399208,2026-04-28T18:00:08+00:00,0.79,clob_prices_history
50595160371163450458627399623056255966450921465584127304844415317723643207509,0xc7781eb0e4ab55dcecb64bba3cdb58a03d1275cfdc87ff4bbc4c20005b283681,1777400104,2026-04-28T18:15:04+00:00,0.795,clob_prices_history
50595160371163450458627399623056255966450921465584127304844415317723643207509,0xc7781eb0e4ab55dcecb64bba3cdb58a03d1275cfdc87ff4bbc4c20005b283681,1777401005,2026-04-28T18:30:05+00:00,0.795,clob_prices_history
50595160371163450458627399623056255966450921465584127304844415317723643207509,0xc7781eb0e4ab55dcecb64bba3cdb58a03d1275cfdc87ff4bbc4c20005b283681,1777401915,2026-04-28T18:45:15+00:00,0.795,clob_prices_history
50595160371163450458627399623056255966450921465584127304844415317723643207509,0xc7781eb0e4ab55dcecb64bba3cdb58a03d1275cfdc87ff4bbc4c20005b283681,1777402806,2026-04-28T19:00:06+00:00,0.795,clob_prices_history
50595160371163450458627399623056255966450921465584127304844415317723643207509,0xc7781eb0e4ab55dcecb64bba3cdb58a03d1275cfdc87ff4bbc4c20005b283681,1777403705,2026-04-28T19:15:05+00:00,0.795,clob_prices_history
50595160371163450458627399623056255966450921465584127304844415317723643207509,0xc7781eb0e4ab55dcecb64bba3cdb58a03d1275cfdc87ff4bbc4c20005b283681,1777404606,2026-04-28T19:30:06+00:00,0.795,clob_prices_history
50595160371163450458627399623056255966450921465584127304844415317723643207509,0xc7781eb0e4ab55dcecb64bba3cdb58a03d1275cfdc87ff4bbc4c20005b283681,1777405505,2026-04-28T19:45:05+00:00,0.795,clob_prices_history
50595160371163450458627399623056255966450921465584127304844415317723643207509,0xc7781eb0e4ab55dcecb64bba3cdb58a03d1275cfdc87ff4bbc4c20005b283681,1777406419,2026-04-28T20:00:19+00:00,0.795,clob_prices_history
50595160371163450458627399623056255966450921465584127304844415317723643207509,0xc7781eb0e4ab55dcecb64bba3cdb58a03d1275cfdc87ff4bbc4c20005b283681,1777407306,2026-04-28T20:15:06+00:00,0.805,clob_prices_history
50595160371163450458627399623056255966450921465584127304844415317723643207509,0xc7781eb0e4ab55dcecb64bba3cdb58a03d1275cfdc87ff4bbc4c20005b283681,1777408206,2026-04-28T20:30:06+00:00,0.805,clob_prices_history
50595160371163450458627399623056255966450921465584127304844415317723643207509,0xc7781eb0e4ab55dcecb64bba3cdb58a03d1275cfdc87ff4bbc4c20005b283681,1777409105,2026-04-28T20:45:05+00:00,0.805,clob_prices_history
50595160371163450458627399623056255966450921465584127304844415317723643207509,0xc7781eb0e4ab55dcecb64bba3cdb58a03d1275cfdc87ff4bbc4c20005b283681,1777410006,2026-04-28T21:00:06+00:00,0.805,clob_prices_history
50595160371163450458627399623056255966450921465584127304844415317723643207509,0xc7781eb0e4ab55dcecb64bba3cdb58a03d1275cfdc87ff4bbc4c20005b283681,1777410905,2026-04-28T21:15:05+00:00,0.825,clob_prices_history
50595160371163450458627399623056255966450921465584127304844415317723643207509,0xc7781eb0e4ab55dcecb64bba3cdb58a03d1275cfdc87ff4bbc4c20005b283681,1777411804,2026-04-28T21:30:04+00:00,0.83,clob_prices_history
50595160371163450458627399623056255966450921465584127304844415317723643207509,0xc7781eb0e4ab55dcecb64bba3cdb58a03d1275cfdc87ff4bbc4c20005b283681,1777412706,2026-04-28T21:45:06+00:00,0.83,clob_prices_history
50595160371163450458627399623056255966450921465584127304844415317723643207509,0xc7781eb0e4ab55dcecb64bba3cdb58a03d1275cfdc87ff4bbc4c20005b283681,1777413619,2026-04-28T22:00:19+00:00,0.83,clob_prices_history
50595160371163450458627399623056255966450921465584127304844415317723643207509,0xc7781eb0e4ab55dcecb64bba3cdb58a03d1275cfdc87ff4bbc4c20005b283681,1777414504,2026-04-28T22:15:04+00:00,0.83,clob_prices_history
50595160371163450458627399623056255966450921465584127304844415317723643207509,0xc7781eb0e4ab55dcecb64bba3cdb58a03d1275cfdc87ff4bbc4c20005b283681,1777415405,2026-04-28T22:30:05+00:00,0.82,clob_prices_history
50595160371163450458627399623056255966450921465584127304844415317723643207509,0xc7781eb0e4ab55dcecb64bba3cdb58a03d1275cfdc87ff4bbc4c20005b283681,1777416306,2026-04-28T22:45:06+00:00,0.82,clob_prices_history
50595160371163450458627399623056255966450921465584127304844415317723643207509,0xc7781eb0e4ab55dcecb64bba3cdb58a03d1275cfdc87ff4bbc4c20005b283681,1777417208,2026-04-28T23:00:08+00:00,0.82,clob_prices_history
50595160371163450458627399623056255966450921465584127304844415317723643207509,0xc7781eb0e4ab55dcecb64bba3cdb58a03d1275cfdc87ff4bbc4c20005b283681,1777418107,2026-04-28T23:15:07+00:00,0.82,clob_prices_history
50595160371163450458627399623056255966450921465584127304844415317723643207509,0xc7781eb0e4ab55dcecb64bba3cdb58a03d1275cfdc87ff4bbc4c20005b283681,1777419006,2026-04-28T23:30:06+00:00,0.82,clob_prices_history
50595160371163450458627399623056255966450921465584127304844415317723643207509,0xc7781eb0e4ab55dcecb64bba3cdb58a03d1275cfdc87ff4bbc4c20005b283681,1777419906,2026-04-28T23:45:06+00:00,0.82,clob_prices_history
50595160371163450458627399623056255966450921465584127304844415317723643207509,0xc7781eb0e4ab55dcecb64bba3cdb58a03d1275cfdc87ff4bbc4c20005b283681,1777420807,2026-04-29T00:00:07+00:00,0.82,clob_prices_history
50595160371163450458627399623056255966450921465584127304844415317723643207509,0xc7781eb0e4ab55dcecb64bba3cdb58a03d1275cfdc87ff4bbc4c20005b283681,1777421704,2026-04-29T00:15:04+00:00,0.82,clob_prices_history
50595160371163450458627399623056255966450921465584127304844415317723643207509,0xc7781eb0e4ab55dcecb64bba3cdb58a03d1275cfdc87ff4bbc4c20005b283681,1777422605,2026-04-29T00:30:05+00:00,0.82,clob_prices_history
50595160371163450458627399623056255966450921465584127304844415317723643207509,0xc7781eb0e4ab55dcecb64bba3cdb58a03d1275cfdc87ff4bbc4c20005b283681,1777423503,2026-04-29T00:45:03+00:00,0.82,clob_prices_history
50595160371163450458627399623056255966450921465584127304844415317723643207509,0xc7781eb0e4ab55dcecb64bba3cdb58a03d1275cfdc87ff4bbc4c20005b283681,1777424405,2026-04-29T01:00:05+00:00,0.82,clob_prices_history
50595160371163450458627399623056255966450921465584127304844415317723643207509,0xc7781eb0e4ab55dcecb64bba3cdb58a03d1275cfdc87ff4bbc4c20005b283681,1777425304,2026-04-29T01:15:04+00:00,0.82,clob_prices_history
50595160371163450458627399623056255966450921465584127304844415317723643207509,0xc7781eb0e4ab55dcecb64bba3cdb58a03d1275cfdc87ff4bbc4c20005b283681,1777426204,2026-04-29T01:30:04+00:00,0.82,clob_prices_history
50595160371163450458627399623056255966450921465584127304844415317723643207509,0xc7781eb0e4ab55dcecb64bba3cdb58a03d1275cfdc87ff4bbc4c20005b283681,1777427103,2026-04-29T01:45:03+00:00,0.82,clob_prices_history
50595160371163450458627399623056255966450921465584127304844415317723643207509,0xc7781eb0e4ab55dcecb64bba3cdb58a03d1275cfdc87ff4bbc4c20005b283681,1777428005,2026-04-29T02:00:05+00:00,0.82,clob_prices_history
50595160371163450458627399623056255966450921465584127304844415317723643207509,0xc7781eb0e4ab55dcecb64bba3cdb58a03d1275cfdc87ff4bbc4c20005b283681,1777428904,2026-04-29T02:15:04+00:00,0.82,clob_prices_history
50595160371163450458627399623056255966450921465584127304844415317723643207509,0xc7781eb0e4ab55dcecb64bba3cdb58a03d1275cfdc87ff4bbc4c20005b283681,1777429804,2026-04-29T02:30:04+00:00,0.82,clob_prices_history
50595160371163450458627399623056255966450921465584127304844415317723643207509,0xc7781eb0e4ab55dcecb64bba3cdb58a03d1275cfdc87ff4bbc4c20005b283681,1777430703,2026-04-29T02:45:03+00:00,0.82,clob_prices_history
50595160371163450458627399623056255966450921465584127304844415317723643207509,0xc7781eb0e4ab55dcecb64bba3cdb58a03d1275cfdc87ff4bbc4c20005b283681,1777431606,2026-04-29T03:00:06+00:00,0.82,clob_prices_history
50595160371163450458627399623056255966450921465584127304844415317723643207509,0xc7781eb0e4ab55dcecb64bba3cdb58a03d1275cfdc87ff4bbc4c20005b283681,1777432505,2026-04-29T03:15:05+00:00,0.82,clob_prices_history
50595160371163450458627399623056255966450921465584127304844415317723643207509,0xc7781eb0e4ab55dcecb64bba3cdb58a03d1275cfdc87ff4bbc4c20005b283681,1777433404,2026-04-29T03:30:04+00:00,0.82,clob_prices_history
50595160371163450458627399623056255966450921465584127304844415317723643207509,0xc7781eb0e4ab55dcecb64bba3cdb58a03d1275cfdc87ff4bbc4c20005b283681,1777434304,2026-04-29T03:45:04+00:00,0.82,clob_prices_history
50595160371163450458627399623056255966450921465584127304844415317723643207509,0xc7781eb0e4ab55dcecb64bba3cdb58a03d1275cfdc87ff4bbc4c20005b283681,1777435205,2026-04-29T04:00:05+00:00,0.82,clob_prices_history
50595160371163450458627399623056255966450921465584127304844415317723643207509,0xc7781eb0e4ab55dcecb64bba3cdb58a03d1275cfdc87ff4bbc4c20005b283681,1777436105,2026-04-29T04:15:05+00:00,0.82,clob_prices_history
50595160371163450458627399623056255966450921465584127304844415317723643207509,0xc7781eb0e4ab55dcecb64bba3cdb58a03d1275cfdc87ff4bbc4c20005b283681,1777437005,2026-04-29T04:30:05+00:00,0.82,clob_prices_history
50595160371163450458627399623056255966450921465584127304844415317723643207509,0xc7781eb0e4ab55dcecb64bba3cdb58a03d1275cfdc87ff4bbc4c20005b283681,1777437904,2026-04-29T04:45:04+00:00,0.82,clob_prices_history
50595160371163450458627399623056255966450921465584127304844415317723643207509,0xc7781eb0e4ab55dcecb64bba3cdb58a03d1275cfdc87ff4bbc4c20005b283681,1777438806,2026-04-29T05:00:06+00:00,0.825,clob_prices_history
50595160371163450458627399623056255966450921465584127304844415317723643207509,0xc7781eb0e4ab55dcecb64bba3cdb58a03d1275cfdc87ff4bbc4c20005b283681,1777439704,2026-04-29T05:15:04+00:00,0.82,clob_prices_history
50595160371163450458627399623056255966450921465584127304844415317723643207509,0xc7781eb0e4ab55dcecb64bba3cdb58a03d1275cfdc87ff4bbc4c20005b283681,1777440606,2026-04-29T05:30:06+00:00,0.82,clob_prices_history
50595160371163450458627399623056255966450921465584127304844415317723643207509,0xc7781eb0e4ab55dcecb64bba3cdb58a03d1275cfdc87ff4bbc4c20005b283681,1777441504,2026-04-29T05:45:04+00:00,0.82,clob_prices_history
50595160371163450458627399623056255966450921465584127304844415317723643207509,0xc7781eb0e4ab55dcecb64bba3cdb58a03d1275cfdc87ff4bbc4c20005b283681,1777442407,2026-04-29T06:00:07+00:00,0.82,clob_prices_history
50595160371163450458627399623056255966450921465584127304844415317723643207509,0xc7781eb0e4ab55dcecb64bba3cdb58a03d1275cfdc87ff4bbc4c20005b283681,1777443304,2026-04-29T06:15:04+00:00,0.82,clob_prices_history
50595160371163450458627399623056255966450921465584127304844415317723643207509,0xc7781eb0e4ab55dcecb64bba3cdb58a03d1275cfdc87ff4bbc4c20005b283681,1777444205,2026-04-29T06:30:05+00:00,0.82,clob_prices_history
50595160371163450458627399623056255966450921465584127304844415317723643207509,0xc7781eb0e4ab55dcecb64bba3cdb58a03d1275cfdc87ff4bbc4c20005b283681,1777445104,2026-04-29T06:45:04+00:00,0.82,clob_prices_history
50595160371163450458627399623056255966450921465584127304844415317723643207509,0xc7781eb0e4ab55dcecb64bba3cdb58a03d1275cfdc87ff4bbc4c20005b283681,1777446019,2026-04-29T07:00:19+00:00,0.82,clob_prices_history
50595160371163450458627399623056255966450921465584127304844415317723643207509,0xc7781eb0e4ab55dcecb64bba3cdb58a03d1275cfdc87ff4bbc4c20005b283681,1777446905,2026-04-29T07:15:05+00:00,0.82,clob_prices_history
50595160371163450458627399623056255966450921465584127304844415317723643207509,0xc7781eb0e4ab55dcecb64bba3cdb58a03d1275cfdc87ff4bbc4c20005b283681,1777447804,2026-04-29T07:30:04+00:00,0.82,clob_prices_history
50595160371163450458627399623056255966450921465584127304844415317723643207509,0xc7781eb0e4ab55dcecb64bba3cdb58a03d1275cfdc87ff4bbc4c20005b283681,1777448703,2026-04-29T07:45:03+00:00,0.82,clob_prices_history
50595160371163450458627399623056255966450921465584127304844415317723643207509,0xc7781eb0e4ab55dcecb64bba3cdb58a03d1275cfdc87ff4bbc4c20005b283681,1777449604,2026-04-29T08:00:04+00:00,0.82,clob_prices_history
50595160371163450458627399623056255966450921465584127304844415317723643207509,0xc7781eb0e4ab55dcecb64bba3cdb58a03d1275cfdc87ff4bbc4c20005b283681,1777450504,2026-04-29T08:15:04+00:00,0.835,clob_prices_history
50595160371163450458627399623056255966450921465584127304844415317723643207509,0xc7781eb0e4ab55dcecb64bba3cdb58a03d1275cfdc87ff4bbc4c20005b283681,1777451404,2026-04-29T08:30:04+00:00,0.835,clob_prices_history
50595160371163450458627399623056255966450921465584127304844415317723643207509,0xc7781eb0e4ab55dcecb64bba3cdb58a03d1275cfdc87ff4bbc4c20005b283681,1777452304,2026-04-29T08:45:04+00:00,0.835,clob_prices_history
50595160371163450458627399623056255966450921465584127304844415317723643207509,0xc7781eb0e4ab55dcecb64bba3cdb58a03d1275cfdc87ff4bbc4c20005b283681,1777453206,2026-04-29T09:00:06+00:00,0.835,clob_prices_history
50595160371163450458627399623056255966450921465584127304844415317723643207509,0xc7781eb0e4ab55dcecb64bba3cdb58a03d1275cfdc87ff4bbc4c20005b283681,1777454103,2026-04-29T09:15:03+00:00,0.835,clob_prices_history
50595160371163450458627399623056255966450921465584127304844415317723643207509,0xc7781eb0e4ab55dcecb64bba3cdb58a03d1275cfdc87ff4bbc4c20005b283681,1777455004,2026-04-29T09:30:04+00:00,0.835,clob_prices_history
50595160371163450458627399623056255966450921465584127304844415317723643207509,0xc7781eb0e4ab55dcecb64bba3cdb58a03d1275cfdc87ff4bbc4c20005b283681,1777455903,2026-04-29T09:45:03+00:00,0.835,clob_prices_history
50595160371163450458627399623056255966450921465584127304844415317723643207509,0xc7781eb0e4ab55dcecb64bba3cdb58a03d1275cfdc87ff4bbc4c20005b283681,1777456804,2026-04-29T10:00:04+00:00,0.835,clob_prices_history
50595160371163450458627399623056255966450921465584127304844415317723643207509,0xc7781eb0e4ab55dcecb64bba3cdb58a03d1275cfdc87ff4bbc4c20005b283681,1777457703,2026-04-29T10:15:03+00:00,0.835,clob_prices_history
50595160371163450458627399623056255966450921465584127304844415317723643207509,0xc7781eb0e4ab55dcecb64bba3cdb58a03d1275cfdc87ff4bbc4c20005b283681,1777458605,2026-04-29T10:30:05+00:00,0.835,clob_prices_history
50595160371163450458627399623056255966450921465584127304844415317723643207509,0xc7781eb0e4ab55dcecb64bba3cdb58a03d1275cfdc87ff4bbc4c20005b283681,1777459503,2026-04-29T10:45:03+00:00,0.835,clob_prices_history
50595160371163450458627399623056255966450921465584127304844415317723643207509,0xc7781eb0e4ab55dcecb64bba3cdb58a03d1275cfdc87ff4bbc4c20005b283681,1777460404,2026-04-29T11:00:04+00:00,0.835,clob_prices_history
50595160371163450458627399623056255966450921465584127304844415317723643207509,0xc7781eb0e4ab55dcecb64bba3cdb58a03d1275cfdc87ff4bbc4c20005b283681,1777461303,2026-04-29T11:15:03+00:00,0.835,clob_prices_history
50595160371163450458627399623056255966450921465584127304844415317723643207509,0xc7781eb0e4ab55dcecb64bba3cdb58a03d1275cfdc87ff4bbc4c20005b283681,1777462204,2026-04-29T11:30:04+00:00,0.82,clob_prices_history
50595160371163450458627399623056255966450921465584127304844415317723643207509,0xc7781eb0e4ab55dcecb64bba3cdb58a03d1275cfdc87ff4bbc4c20005b283681,1777463104,2026-04-29T11:45:04+00:00,0.82,clob_prices_history
50595160371163450458627399623056255966450921465584127304844415317723643207509,0xc7781eb0e4ab55dcecb64bba3cdb58a03d1275cfdc87ff4bbc4c20005b283681,1777464008,2026-04-29T12:00:08+00:00,0.82,clob_prices_history
50595160371163450458627399623056255966450921465584127304844415317723643207509,0xc7781eb0e4ab55dcecb64bba3cdb58a03d1275cfdc87ff4bbc4c20005b283681,1777464905,2026-04-29T12:15:05+00:00,0.82,clob_prices_history
50595160371163450458627399623056255966450921465584127304844415317723643207509,0xc7781eb0e4ab55dcecb64bba3cdb58a03d1275cfdc87ff4bbc4c20005b283681,1777465806,2026-04-29T12:30:06+00:00,0.82,clob_prices_history
50595160371163450458627399623056255966450921465584127304844415317723643207509,0xc7781eb0e4ab55dcecb64bba3cdb58a03d1275cfdc87ff4bbc4c20005b283681,1777466716,2026-04-29T12:45:16+00:00,0.83,clob_prices_history
50595160371163450458627399623056255966450921465584127304844415317723643207509,0xc7781eb0e4ab55dcecb64bba3cdb58a03d1275cfdc87ff4bbc4c20005b283681,1777467605,2026-04-29T13:00:05+00:00,0.83,clob_prices_history
50595160371163450458627399623056255966450921465584127304844415317723643207509,0xc7781eb0e4ab55dcecb64bba3cdb58a03d1275cfdc87ff4bbc4c20005b283681,1777468505,2026-04-29T13:15:05+00:00,0.83,clob_prices_history
50595160371163450458627399623056255966450921465584127304844415317723643207509,0xc7781eb0e4ab55dcecb64bba3cdb58a03d1275cfdc87ff4bbc4c20005b283681,1777469405,2026-04-29T13:30:05+00:00,0.83,clob_prices_history
50595160371163450458627399623056255966450921465584127304844415317723643207509,0xc7781eb0e4ab55dcecb64bba3cdb58a03d1275cfdc87ff4bbc4c20005b283681,1777470306,2026-04-29T13:45:06+00:00,0.83,clob_prices_history
50595160371163450458627399623056255966450921465584127304844415317723643207509,0xc7781eb0e4ab55dcecb64bba3cdb58a03d1275cfdc87ff4bbc4c20005b283681,1777471204,2026-04-29T14:00:04+00:00,0.83,clob_prices_history
50595160371163450458627399623056255966450921465584127304844415317723643207509,0xc7781eb0e4ab55dcecb64bba3cdb58a03d1275cfdc87ff4bbc4c20005b283681,1777472104,2026-04-29T14:15:04+00:00,0.83,clob_prices_history
50595160371163450458627399623056255966450921465584127304844415317723643207509,0xc7781eb0e4ab55dcecb64bba3cdb58a03d1275cfdc87ff4bbc4c20005b283681,1777473005,2026-04-29T14:30:05+00:00,0.83,clob_prices_history
50595160371163450458627399623056255966450921465584127304844415317723643207509,0xc7781eb0e4ab55dcecb64bba3cdb58a03d1275cfdc87ff4bbc4c20005b283681,1777473906,2026-04-29T14:45:06+00:00,0.82,clob_prices_history
50595160371163450458627399623056255966450921465584127304844415317723643207509,0xc7781eb0e4ab55dcecb64bba3cdb58a03d1275cfdc87ff4bbc4c20005b283681,1777474808,2026-04-29T15:00:08+00:00,0.82,clob_prices_history
50595160371163450458627399623056255966450921465584127304844415317723643207509,0xc7781eb0e4ab55dcecb64bba3cdb58a03d1275cfdc87ff4bbc4c20005b283681,1777475704,2026-04-29T15:15:04+00:00,0.82,clob_prices_history
50595160371163450458627399623056255966450921465584127304844415317723643207509,0xc7781eb0e4ab55dcecb64bba3cdb58a03d1275cfdc87ff4bbc4c20005b283681,1777476604,2026-04-29T15:30:04+00:00,0.82,clob_prices_history
50595160371163450458627399623056255966450921465584127304844415317723643207509,0xc7781eb0e4ab55dcecb64bba3cdb58a03d1275cfdc87ff4bbc4c20005b283681,1777477520,2026-04-29T15:45:20+00:00,0.82,clob_prices_history
50595160371163450458627399623056255966450921465584127304844415317723643207509,0xc7781eb0e4ab55dcecb64bba3cdb58a03d1275cfdc87ff4bbc4c20005b283681,1777478405,2026-04-29T16:00:05+00:00,0.825,clob_prices_history
50595160371163450458627399623056255966450921465584127304844415317723643207509,0xc7781eb0e4ab55dcecb64bba3cdb58a03d1275cfdc87ff4bbc4c20005b283681,1777479304,2026-04-29T16:15:04+00:00,0.82,clob_prices_history
50595160371163450458627399623056255966450921465584127304844415317723643207509,0xc7781eb0e4ab55dcecb64bba3cdb58a03d1275cfdc87ff4bbc4c20005b283681,1777480219,2026-04-29T16:30:19+00:00,0.82,clob_prices_history
50595160371163450458627399623056255966450921465584127304844415317723643207509,0xc7781eb0e4ab55dcecb64bba3cdb58a03d1275cfdc87ff4bbc4c20005b283681,1777481105,2026-04-29T16:45:05+00:00,0.82,clob_prices_history
50595160371163450458627399623056255966450921465584127304844415317723643207509,0xc7781eb0e4ab55dcecb64bba3cdb58a03d1275cfdc87ff4bbc4c20005b283681,1777482004,2026-04-29T17:00:04+00:00,0.82,clob_prices_history
50595160371163450458627399623056255966450921465584127304844415317723643207509,0xc7781eb0e4ab55dcecb64bba3cdb58a03d1275cfdc87ff4bbc4c20005b283681,1777482904,2026-04-29T17:15:04+00:00,0.82,clob_prices_history
50595160371163450458627399623056255966450921465584127304844415317723643207509,0xc7781eb0e4ab55dcecb64bba3cdb58a03d1275cfdc87ff4bbc4c20005b283681,1777483819,2026-04-29T17:30:19+00:00,0.82,clob_prices_history
50595160371163450458627399623056255966450921465584127304844415317723643207509,0xc7781eb0e4ab55dcecb64bba3cdb58a03d1275cfdc87ff4bbc4c20005b283681,1777484705,2026-04-29T17:45:05+00:00,0.82,clob_prices_history
50595160371163450458627399623056255966450921465584127304844415317723643207509,0xc7781eb0e4ab55dcecb64bba3cdb58a03d1275cfdc87ff4bbc4c20005b283681,1777485607,2026-04-29T18:00:07+00:00,0.82,clob_prices_history
50595160371163450458627399623056255966450921465584127304844415317723643207509,0xc7781eb0e4ab55dcecb64bba3cdb58a03d1275cfdc87ff4bbc4c20005b283681,1777486506,2026-04-29T18:15:06+00:00,0.82,clob_prices_history
50595160371163450458627399623056255966450921465584127304844415317723643207509,0xc7781eb0e4ab55dcecb64bba3cdb58a03d1275cfdc87ff4bbc4c20005b283681,1777487405,2026-04-29T18:30:05+00:00,0.82,clob_prices_history
50595160371163450458627399623056255966450921465584127304844415317723643207509,0xc7781eb0e4ab55dcecb64bba3cdb58a03d1275cfdc87ff4bbc4c20005b283681,1777488307,2026-04-29T18:45:07+00:00,0.82,clob_prices_history
50595160371163450458627399623056255966450921465584127304844415317723643207509,0xc7781eb0e4ab55dcecb64bba3cdb58a03d1275cfdc87ff4bbc4c20005b283681,1777489205,2026-04-29T19:00:05+00:00,0.82,clob_prices_history
50595160371163450458627399623056255966450921465584127304844415317723643207509,0xc7781eb0e4ab55dcecb64bba3cdb58a03d1275cfdc87ff4bbc4c20005b283681,1777490106,2026-04-29T19:15:06+00:00,0.82,clob_prices_history
50595160371163450458627399623056255966450921465584127304844415317723643207509,0xc7781eb0e4ab55dcecb64bba3cdb58a03d1275cfdc87ff4bbc4c20005b283681,1777491005,2026-04-29T19:30:05+00:00,0.82,clob_prices_history
50595160371163450458627399623056255966450921465584127304844415317723643207509,0xc7781eb0e4ab55dcecb64bba3cdb58a03d1275cfdc87ff4bbc4c20005b283681,1777491906,2026-04-29T19:45:06+00:00,0.82,clob_prices_history
50595160371163450458627399623056255966450921465584127304844415317723643207509,0xc7781eb0e4ab55dcecb64bba3cdb58a03d1275cfdc87ff4bbc4c20005b283681,1777492807,2026-04-29T20:00:07+00:00,0.82,clob_prices_history
50595160371163450458627399623056255966450921465584127304844415317723643207509,0xc7781eb0e4ab55dcecb64bba3cdb58a03d1275cfdc87ff4bbc4c20005b283681,1777493705,2026-04-29T20:15:05+00:00,0.82,clob_prices_history
50595160371163450458627399623056255966450921465584127304844415317723643207509,0xc7781eb0e4ab55dcecb64bba3cdb58a03d1275cfdc87ff4bbc4c20005b283681,1777494617,2026-04-29T20:30:17+00:00,0.82,clob_prices_history
50595160371163450458627399623056255966450921465584127304844415317723643207509,0xc7781eb0e4ab55dcecb64bba3cdb58a03d1275cfdc87ff4bbc4c20005b283681,1777495505,2026-04-29T20:45:05+00:00,0.82,clob_prices_history
50595160371163450458627399623056255966450921465584127304844415317723643207509,0xc7781eb0e4ab55dcecb64bba3cdb58a03d1275cfdc87ff4bbc4c20005b283681,1777496419,2026-04-29T21:00:19+00:00,0.82,clob_prices_history
50595160371163450458627399623056255966450921465584127304844415317723643207509,0xc7781eb0e4ab55dcecb64bba3cdb58a03d1275cfdc87ff4bbc4c20005b283681,1777497316,2026-04-29T21:15:16+00:00,0.82,clob_prices_history
50595160371163450458627399623056255966450921465584127304844415317723643207509,0xc7781eb0e4ab55dcecb64bba3cdb58a03d1275cfdc87ff4bbc4c20005b283681,1777498206,2026-04-29T21:30:06+00:00,0.825,clob_prices_history
50595160371163450458627399623056255966450921465584127304844415317723643207509,0xc7781eb0e4ab55dcecb64bba3cdb58a03d1275cfdc87ff4bbc4c20005b283681,1777499105,2026-04-29T21:45:05+00:00,0.825,clob_prices_history
50595160371163450458627399623056255966450921465584127304844415317723643207509,0xc7781eb0e4ab55dcecb64bba3cdb58a03d1275cfdc87ff4bbc4c20005b283681,1777500006,2026-04-29T22:00:06+00:00,0.825,clob_prices_history
50595160371163450458627399623056255966450921465584127304844415317723643207509,0xc7781eb0e4ab55dcecb64bba3cdb58a03d1275cfdc87ff4bbc4c20005b283681,1777500904,2026-04-29T22:15:04+00:00,0.825,clob_prices_history
50595160371163450458627399623056255966450921465584127304844415317723643207509,0xc7781eb0e4ab55dcecb64bba3cdb58a03d1275cfdc87ff4bbc4c20005b283681,1777501805,2026-04-29T22:30:05+00:00,0.825,clob_prices_history
50595160371163450458627399623056255966450921465584127304844415317723643207509,0xc7781eb0e4ab55dcecb64bba3cdb58a03d1275cfdc87ff4bbc4c20005b283681,1777502717,2026-04-29T22:45:17+00:00,0.825,clob_prices_history
50595160371163450458627399623056255966450921465584127304844415317723643207509,0xc7781eb0e4ab55dcecb64bba3cdb58a03d1275cfdc87ff4bbc4c20005b283681,1777503605,2026-04-29T23:00:05+00:00,0.825,clob_prices_history
50595160371163450458627399623056255966450921465584127304844415317723643207509,0xc7781eb0e4ab55dcecb64bba3cdb58a03d1275cfdc87ff4bbc4c20005b283681,1777504505,2026-04-29T23:15:05+00:00,0.825,clob_prices_history
50595160371163450458627399623056255966450921465584127304844415317723643207509,0xc7781eb0e4ab55dcecb64bba3cdb58a03d1275cfdc87ff4bbc4c20005b283681,1777505417,2026-04-29T23:30:17+00:00,0.825,clob_prices_history
50595160371163450458627399623056255966450921465584127304844415317723643207509,0xc7781eb0e4ab55dcecb64bba3cdb58a03d1275cfdc87ff4bbc4c20005b283681,1777506307,2026-04-29T23:45:07+00:00,0.825,clob_prices_history
50595160371163450458627399623056255966450921465584127304844415317723643207509,0xc7781eb0e4ab55dcecb64bba3cdb58a03d1275cfdc87ff4bbc4c20005b283681,1777507213,2026-04-30T00:00:13+00:00,0.825,clob_prices_history
50595160371163450458627399623056255966450921465584127304844415317723643207509,0xc7781eb0e4ab55dcecb64bba3cdb58a03d1275cfdc87ff4bbc4c20005b283681,1777508107,2026-04-30T00:15:07+00:00,0.825,clob_prices_history
50595160371163450458627399623056255966450921465584127304844415317723643207509,0xc7781eb0e4ab55dcecb64bba3cdb58a03d1275cfdc87ff4bbc4c20005b283681,1777509018,2026-04-30T00:30:18+00:00,0.825,clob_prices_history
50595160371163450458627399623056255966450921465584127304844415317723643207509,0xc7781eb0e4ab55dcecb64bba3cdb58a03d1275cfdc87ff4bbc4c20005b283681,1777509906,2026-04-30T00:45:06+00:00,0.825,clob_prices_history
50595160371163450458627399623056255966450921465584127304844415317723643207509,0xc7781eb0e4ab55dcecb64bba3cdb58a03d1275cfdc87ff4bbc4c20005b283681,1777510821,2026-04-30T01:00:21+00:00,0.825,clob_prices_history
50595160371163450458627399623056255966450921465584127304844415317723643207509,0xc7781eb0e4ab55dcecb64bba3cdb58a03d1275cfdc87ff4bbc4c20005b283681,1777511704,2026-04-30T01:15:04+00:00,0.825,clob_prices_history
50595160371163450458627399623056255966450921465584127304844415317723643207509,0xc7781eb0e4ab55dcecb64bba3cdb58a03d1275cfdc87ff4bbc4c20005b283681,1777512606,2026-04-30T01:30:06+00:00,0.825,clob_prices_history
50595160371163450458627399623056255966450921465584127304844415317723643207509,0xc7781eb0e4ab55dcecb64bba3cdb58a03d1275cfdc87ff4bbc4c20005b283681,1777513504,2026-04-30T01:45:04+00:00,0.825,clob_prices_history
50595160371163450458627399623056255966450921465584127304844415317723643207509,0xc7781eb0e4ab55dcecb64bba3cdb58a03d1275cfdc87ff4bbc4c20005b283681,1777514404,2026-04-30T02:00:04+00:00,0.825,clob_prices_history
50595160371163450458627399623056255966450921465584127304844415317723643207509,0xc7781eb0e4ab55dcecb64bba3cdb58a03d1275cfdc87ff4bbc4c20005b283681,1777515306,2026-04-30T02:15:06+00:00,0.82,clob_prices_history
50595160371163450458627399623056255966450921465584127304844415317723643207509,0xc7781eb0e4ab55dcecb64bba3cdb58a03d1275cfdc87ff4bbc4c20005b283681,1777516204,2026-04-30T02:30:04+00:00,0.82,clob_prices_history
50595160371163450458627399623056255966450921465584127304844415317723643207509,0xc7781eb0e4ab55dcecb64bba3cdb58a03d1275cfdc87ff4bbc4c20005b283681,1777517104,2026-04-30T02:45:04+00:00,0.82,clob_prices_history
50595160371163450458627399623056255966450921465584127304844415317723643207509,0xc7781eb0e4ab55dcecb64bba3cdb58a03d1275cfdc87ff4bbc4c20005b283681,1777518007,2026-04-30T03:00:07+00:00,0.82,clob_prices_history
50595160371163450458627399623056255966450921465584127304844415317723643207509,0xc7781eb0e4ab55dcecb64bba3cdb58a03d1275cfdc87ff4bbc4c20005b283681,1777518905,2026-04-30T03:15:05+00:00,0.82,clob_prices_history
50595160371163450458627399623056255966450921465584127304844415317723643207509,0xc7781eb0e4ab55dcecb64bba3cdb58a03d1275cfdc87ff4bbc4c20005b283681,1777519804,2026-04-30T03:30:04+00:00,0.82,clob_prices_history
50595160371163450458627399623056255966450921465584127304844415317723643207509,0xc7781eb0e4ab55dcecb64bba3cdb58a03d1275cfdc87ff4bbc4c20005b283681,1777520703,2026-04-30T03:45:03+00:00,0.82,clob_prices_history
50595160371163450458627399623056255966450921465584127304844415317723643207509,0xc7781eb0e4ab55dcecb64bba3cdb58a03d1275cfdc87ff4bbc4c20005b283681,1777521604,2026-04-30T04:00:04+00:00,0.82,clob_prices_history
50595160371163450458627399623056255966450921465584127304844415317723643207509,0xc7781eb0e4ab55dcecb64bba3cdb58a03d1275cfdc87ff4bbc4c20005b283681,1777522504,2026-04-30T04:15:04+00:00,0.82,clob_prices_history
50595160371163450458627399623056255966450921465584127304844415317723643207509,0xc7781eb0e4ab55dcecb64bba3cdb58a03d1275cfdc87ff4bbc4c20005b283681,1777523407,2026-04-30T04:30:07+00:00,0.82,clob_prices_history
50595160371163450458627399623056255966450921465584127304844415317723643207509,0xc7781eb0e4ab55dcecb64bba3cdb58a03d1275cfdc87ff4bbc4c20005b283681,1777524305,2026-04-30T04:45:05+00:00,0.82,clob_prices_history
50595160371163450458627399623056255966450921465584127304844415317723643207509,0xc7781eb0e4ab55dcecb64bba3cdb58a03d1275cfdc87ff4bbc4c20005b283681,1777525205,2026-04-30T05:00:05+00:00,0.82,clob_prices_history
50595160371163450458627399623056255966450921465584127304844415317723643207509,0xc7781eb0e4ab55dcecb64bba3cdb58a03d1275cfdc87ff4bbc4c20005b283681,1777526106,2026-04-30T05:15:06+00:00,0.82,clob_prices_history
50595160371163450458627399623056255966450921465584127304844415317723643207509,0xc7781eb0e4ab55dcecb64bba3cdb58a03d1275cfdc87ff4bbc4c20005b283681,1777527007,2026-04-30T05:30:07+00:00,0.82,clob_prices_history
50595160371163450458627399623056255966450921465584127304844415317723643207509,0xc7781eb0e4ab55dcecb64bba3cdb58a03d1275cfdc87ff4bbc4c20005b283681,1777527908,2026-04-30T05:45:08+00:00,0.82,clob_prices_history
50595160371163450458627399623056255966450921465584127304844415317723643207509,0xc7781eb0e4ab55dcecb64bba3cdb58a03d1275cfdc87ff4bbc4c20005b283681,1777528807,2026-04-30T06:00:07+00:00,0.82,clob_prices_history
50595160371163450458627399623056255966450921465584127304844415317723643207509,0xc7781eb0e4ab55dcecb64bba3cdb58a03d1275cfdc87ff4bbc4c20005b283681,1777529719,2026-04-30T06:15:19+00:00,0.82,clob_prices_history
50595160371163450458627399623056255966450921465584127304844415317723643207509,0xc7781eb0e4ab55dcecb64bba3cdb58a03d1275cfdc87ff4bbc4c20005b283681,1777530605,2026-04-30T06:30:05+00:00,0.82,clob_prices_history
50595160371163450458627399623056255966450921465584127304844415317723643207509,0xc7781eb0e4ab55dcecb64bba3cdb58a03d1275cfdc87ff4bbc4c20005b283681,1777531515,2026-04-30T06:45:15+00:00,0.82,clob_prices_history
50595160371163450458627399623056255966450921465584127304844415317723643207509,0xc7781eb0e4ab55dcecb64bba3cdb58a03d1275cfdc87ff4bbc4c20005b283681,1777532407,2026-04-30T07:00:07+00:00,0.82,clob_prices_history
50595160371163450458627399623056255966450921465584127304844415317723643207509,0xc7781eb0e4ab55dcecb64bba3cdb58a03d1275cfdc87ff4bbc4c20005b283681,1777533305,2026-04-30T07:15:05+00:00,0.82,clob_prices_history
50595160371163450458627399623056255966450921465584127304844415317723643207509,0xc7781eb0e4ab55dcecb64bba3cdb58a03d1275cfdc87ff4bbc4c20005b283681,1777534205,2026-04-30T07:30:05+00:00,0.82,clob_prices_history
50595160371163450458627399623056255966450921465584127304844415317723643207509,0xc7781eb0e4ab55dcecb64bba3cdb58a03d1275cfdc87ff4bbc4c20005b283681,1777535105,2026-04-30T07:45:05+00:00,0.825,clob_prices_history
50595160371163450458627399623056255966450921465584127304844415317723643207509,0xc7781eb0e4ab55dcecb64bba3cdb58a03d1275cfdc87ff4bbc4c20005b283681,1777536004,2026-04-30T08:00:04+00:00,0.825,clob_prices_history
50595160371163450458627399623056255966450921465584127304844415317723643207509,0xc7781eb0e4ab55dcecb64bba3cdb58a03d1275cfdc87ff4bbc4c20005b283681,1777536906,2026-04-30T08:15:06+00:00,0.82,clob_prices_history
50595160371163450458627399623056255966450921465584127304844415317723643207509,0xc7781eb0e4ab55dcecb64bba3cdb58a03d1275cfdc87ff4bbc4c20005b283681,1777537804,2026-04-30T08:30:04+00:00,0.82,clob_prices_history
50595160371163450458627399623056255966450921465584127304844415317723643207509,0xc7781eb0e4ab55dcecb64bba3cdb58a03d1275cfdc87ff4bbc4c20005b283681,1777538704,2026-04-30T08:45:04+00:00,0.82,clob_prices_history
50595160371163450458627399623056255966450921465584127304844415317723643207509,0xc7781eb0e4ab55dcecb64bba3cdb58a03d1275cfdc87ff4bbc4c20005b283681,1777539610,2026-04-30T09:00:10+00:00,0.82,clob_prices_history
50595160371163450458627399623056255966450921465584127304844415317723643207509,0xc7781eb0e4ab55dcecb64bba3cdb58a03d1275cfdc87ff4bbc4c20005b283681,1777540505,2026-04-30T09:15:05+00:00,0.815,clob_prices_history
50595160371163450458627399623056255966450921465584127304844415317723643207509,0xc7781eb0e4ab55dcecb64bba3cdb58a03d1275cfdc87ff4bbc4c20005b283681,1777541405,2026-04-30T09:30:05+00:00,0.825,clob_prices_history
50595160371163450458627399623056255966450921465584127304844415317723643207509,0xc7781eb0e4ab55dcecb64bba3cdb58a03d1275cfdc87ff4bbc4c20005b283681,1777542305,2026-04-30T09:45:05+00:00,0.825,clob_prices_history
50595160371163450458627399623056255966450921465584127304844415317723643207509,0xc7781eb0e4ab55dcecb64bba3cdb58a03d1275cfdc87ff4bbc4c20005b283681,1777543217,2026-04-30T10:00:17+00:00,0.825,clob_prices_history
50595160371163450458627399623056255966450921465584127304844415317723643207509,0xc7781eb0e4ab55dcecb64bba3cdb58a03d1275cfdc87ff4bbc4c20005b283681,1777544104,2026-04-30T10:15:04+00:00,0.825,clob_prices_history
50595160371163450458627399623056255966450921465584127304844415317723643207509,0xc7781eb0e4ab55dcecb64bba3cdb58a03d1275cfdc87ff4bbc4c20005b283681,1777545007,2026-04-30T10:30:07+00:00,0.825,clob_prices_history
50595160371163450458627399623056255966450921465584127304844415317723643207509,0xc7781eb0e4ab55dcecb64bba3cdb58a03d1275cfdc87ff4bbc4c20005b283681,1777545903,2026-04-30T10:45:03+00:00,0.825,clob_prices_history
50595160371163450458627399623056255966450921465584127304844415317723643207509,0xc7781eb0e4ab55dcecb64bba3cdb58a03d1275cfdc87ff4bbc4c20005b283681,1777546818,2026-04-30T11:00:18+00:00,0.835,clob_prices_history
50595160371163450458627399623056255966450921465584127304844415317723643207509,0xc7781eb0e4ab55dcecb64bba3cdb58a03d1275cfdc87ff4bbc4c20005b283681,1777547706,2026-04-30T11:15:06+00:00,0.835,clob_prices_history
50595160371163450458627399623056255966450921465584127304844415317723643207509,0xc7781eb0e4ab55dcecb64bba3cdb58a03d1275cfdc87ff4bbc4c20005b283681,1777548605,2026-04-30T11:30:05+00:00,0.835,clob_prices_history
50595160371163450458627399623056255966450921465584127304844415317723643207509,0xc7781eb0e4ab55dcecb64bba3cdb58a03d1275cfdc87ff4bbc4c20005b283681,1777549506,2026-04-30T11:45:06+00:00,0.835,clob_prices_history
50595160371163450458627399623056255966450921465584127304844415317723643207509,0xc7781eb0e4ab55dcecb64bba3cdb58a03d1275cfdc87ff4bbc4c20005b283681,1777550409,2026-04-30T12:00:09+00:00,0.835,clob_prices_history
50595160371163450458627399623056255966450921465584127304844415317723643207509,0xc7781eb0e4ab55dcecb64bba3cdb58a03d1275cfdc87ff4bbc4c20005b283681,1777551305,2026-04-30T12:15:05+00:00,0.835,clob_prices_history
50595160371163450458627399623056255966450921465584127304844415317723643207509,0xc7781eb0e4ab55dcecb64bba3cdb58a03d1275cfdc87ff4bbc4c20005b283681,1777552204,2026-04-30T12:30:04+00:00,0.685,clob_prices_history
50595160371163450458627399623056255966450921465584127304844415317723643207509,0xc7781eb0e4ab55dcecb64bba3cdb58a03d1275cfdc87ff4bbc4c20005b283681,1777553104,2026-04-30T12:45:04+00:00,0.65,clob_prices_history
50595160371163450458627399623056255966450921465584127304844415317723643207509,0xc7781eb0e4ab55dcecb64bba3cdb58a03d1275cfdc87ff4bbc4c20005b283681,1777554005,2026-04-30T13:00:05+00:00,0.665,clob_prices_history
50595160371163450458627399623056255966450921465584127304844415317723643207509,0xc7781eb0e4ab55dcecb64bba3cdb58a03d1275cfdc87ff4bbc4c20005b283681,1777554917,2026-04-30T13:15:17+00:00,0.68,clob_prices_history
50595160371163450458627399623056255966450921465584127304844415317723643207509,0xc7781eb0e4ab55dcecb64bba3cdb58a03d1275cfdc87ff4bbc4c20005b283681,1777555806,2026-04-30T13:30:06+00:00,0.705,clob_prices_history
50595160371163450458627399623056255966450921465584127304844415317723643207509,0xc7781eb0e4ab55dcecb64bba3cdb58a03d1275cfdc87ff4bbc4c20005b283681,1777556706,2026-04-30T13:45:06+00:00,0.71,clob_prices_history
50595160371163450458627399623056255966450921465584127304844415317723643207509,0xc7781eb0e4ab55dcecb64bba3cdb58a03d1275cfdc87ff4bbc4c20005b283681,1777557606,2026-04-30T14:00:06+00:00,0.71,clob_prices_history
50595160371163450458627399623056255966450921465584127304844415317723643207509,0xc7781eb0e4ab55dcecb64bba3cdb58a03d1275cfdc87ff4bbc4c20005b283681,1777558504,2026-04-30T14:15:04+00:00,0.71,clob_prices_history
50595160371163450458627399623056255966450921465584127304844415317723643207509,0xc7781eb0e4ab55dcecb64bba3cdb58a03d1275cfdc87ff4bbc4c20005b283681,1777559406,2026-04-30T14:30:06+00:00,0.705,clob_prices_history
50595160371163450458627399623056255966450921465584127304844415317723643207509,0xc7781eb0e4ab55dcecb64bba3cdb58a03d1275cfdc87ff4bbc4c20005b283681,1777560304,2026-04-30T14:45:04+00:00,0.835,clob_prices_history
50595160371163450458627399623056255966450921465584127304844415317723643207509,0xc7781eb0e4ab55dcecb64bba3cdb58a03d1275cfdc87ff4bbc4c20005b283681,1777561209,2026-04-30T15:00:09+00:00,0.835,clob_prices_history
50595160371163450458627399623056255966450921465584127304844415317723643207509,0xc7781eb0e4ab55dcecb64bba3cdb58a03d1275cfdc87ff4bbc4c20005b283681,1777562105,2026-04-30T15:15:05+00:00,0.84,clob_prices_history
50595160371163450458627399623056255966450921465584127304844415317723643207509,0xc7781eb0e4ab55dcecb64bba3cdb58a03d1275cfdc87ff4bbc4c20005b283681,1777563006,2026-04-30T15:30:06+00:00,0.84,clob_prices_history
50595160371163450458627399623056255966450921465584127304844415317723643207509,0xc7781eb0e4ab55dcecb64bba3cdb58a03d1275cfdc87ff4bbc4c20005b283681,1777563905,2026-04-30T15:45:05+00:00,0.84,clob_prices_history
50595160371163450458627399623056255966450921465584127304844415317723643207509,0xc7781eb0e4ab55dcecb64bba3cdb58a03d1275cfdc87ff4bbc4c20005b283681,1777564805,2026-04-30T16:00:05+00:00,0.84,clob_prices_history
50595160371163450458627399623056255966450921465584127304844415317723643207509,0xc7781eb0e4ab55dcecb64bba3cdb58a03d1275cfdc87ff4bbc4c20005b283681,1777565706,2026-04-30T16:15:06+00:00,0.84,clob_prices_history
50595160371163450458627399623056255966450921465584127304844415317723643207509,0xc7781eb0e4ab55dcecb64bba3cdb58a03d1275cfdc87ff4bbc4c20005b283681,1777566621,2026-04-30T16:30:21+00:00,0.84,clob_prices_history
50595160371163450458627399623056255966450921465584127304844415317723643207509,0xc7781eb0e4ab55dcecb64bba3cdb58a03d1275cfdc87ff4bbc4c20005b283681,1777567506,2026-04-30T16:45:06+00:00,0.84,clob_prices_history
50595160371163450458627399623056255966450921465584127304844415317723643207509,0xc7781eb0e4ab55dcecb64bba3cdb58a03d1275cfdc87ff4bbc4c20005b283681,1777568411,2026-04-30T17:00:11+00:00,0.84,clob_prices_history
50595160371163450458627399623056255966450921465584127304844415317723643207509,0xc7781eb0e4ab55dcecb64bba3cdb58a03d1275cfdc87ff4bbc4c20005b283681,1777569307,2026-04-30T17:15:07+00:00,0.84,clob_prices_history
50595160371163450458627399623056255966450921465584127304844415317723643207509,0xc7781eb0e4ab55dcecb64bba3cdb58a03d1275cfdc87ff4bbc4c20005b283681,1777570206,2026-04-30T17:30:06+00:00,0.84,clob_prices_history
50595160371163450458627399623056255966450921465584127304844415317723643207509,0xc7781eb0e4ab55dcecb64bba3cdb58a03d1275cfdc87ff4bbc4c20005b283681,1777571107,2026-04-30T17:45:07+00:00,0.81,clob_prices_history
50595160371163450458627399623056255966450921465584127304844415317723643207509,0xc7781eb0e4ab55dcecb64bba3cdb58a03d1275cfdc87ff4bbc4c20005b283681,1777572009,2026-04-30T18:00:09+00:00,0.82,clob_prices_history
50595160371163450458627399623056255966450921465584127304844415317723643207509,0xc7781eb0e4ab55dcecb64bba3cdb58a03d1275cfdc87ff4bbc4c20005b283681,1777572906,2026-04-30T18:15:06+00:00,0.82,clob_prices_history
50595160371163450458627399623056255966450921465584127304844415317723643207509,0xc7781eb0e4ab55dcecb64bba3cdb58a03d1275cfdc87ff4bbc4c20005b283681,1777573808,2026-04-30T18:30:08+00:00,0.82,clob_prices_history
50595160371163450458627399623056255966450921465584127304844415317723643207509,0xc7781eb0e4ab55dcecb64bba3cdb58a03d1275cfdc87ff4bbc4c20005b283681,1777574705,2026-04-30T18:45:05+00:00,0.82,clob_prices_history
50595160371163450458627399623056255966450921465584127304844415317723643207509,0xc7781eb0e4ab55dcecb64bba3cdb58a03d1275cfdc87ff4bbc4c20005b283681,1777575607,2026-04-30T19:00:07+00:00,0.82,clob_prices_history
50595160371163450458627399623056255966450921465584127304844415317723643207509,0xc7781eb0e4ab55dcecb64bba3cdb58a03d1275cfdc87ff4bbc4c20005b283681,1777576520,2026-04-30T19:15:20+00:00,0.82,clob_prices_history
50595160371163450458627399623056255966450921465584127304844415317723643207509,0xc7781eb0e4ab55dcecb64bba3cdb58a03d1275cfdc87ff4bbc4c20005b283681,1777577406,2026-04-30T19:30:06+00:00,0.82,clob_prices_history
50595160371163450458627399623056255966450921465584127304844415317723643207509,0xc7781eb0e4ab55dcecb64bba3cdb58a03d1275cfdc87ff4bbc4c20005b283681,1777578306,2026-04-30T19:45:06+00:00,0.845,clob_prices_history
50595160371163450458627399623056255966450921465584127304844415317723643207509,0xc7781eb0e4ab55dcecb64bba3cdb58a03d1275cfdc87ff4bbc4c20005b283681,1777579208,2026-04-30T20:00:08+00:00,0.845,clob_prices_history
50595160371163450458627399623056255966450921465584127304844415317723643207509,0xc7781eb0e4ab55dcecb64bba3cdb58a03d1275cfdc87ff4bbc4c20005b283681,1777580105,2026-04-30T20:15:05+00:00,0.845,clob_prices_history
50595160371163450458627399623056255966450921465584127304844415317723643207509,0xc7781eb0e4ab55dcecb64bba3cdb58a03d1275cfdc87ff4bbc4c20005b283681,1777581007,2026-04-30T20:30:07+00:00,0.845,clob_prices_history
50595160371163450458627399623056255966450921465584127304844415317723643207509,0xc7781eb0e4ab55dcecb64bba3cdb58a03d1275cfdc87ff4bbc4c20005b283681,1777581904,2026-04-30T20:45:04+00:00,0.845,clob_prices_history
50595160371163450458627399623056255966450921465584127304844415317723643207509,0xc7781eb0e4ab55dcecb64bba3cdb58a03d1275cfdc87ff4bbc4c20005b283681,1777582806,2026-04-30T21:00:06+00:00,0.845,clob_prices_history
50595160371163450458627399623056255966450921465584127304844415317723643207509,0xc7781eb0e4ab55dcecb64bba3cdb58a03d1275cfdc87ff4bbc4c20005b283681,1777583704,2026-04-30T21:15:04+00:00,0.845,clob_prices_history
50595160371163450458627399623056255966450921465584127304844415317723643207509,0xc7781eb0e4ab55dcecb64bba3cdb58a03d1275cfdc87ff4bbc4c20005b283681,1777584631,2026-04-30T21:30:31+00:00,0.845,clob_prices_history
50595160371163450458627399623056255966450921465584127304844415317723643207509,0xc7781eb0e4ab55dcecb64bba3cdb58a03d1275cfdc87ff4bbc4c20005b283681,1777585507,2026-04-30T21:45:07+00:00,0.845,clob_prices_history
50595160371163450458627399623056255966450921465584127304844415317723643207509,0xc7781eb0e4ab55dcecb64bba3cdb58a03d1275cfdc87ff4bbc4c20005b283681,1777586407,2026-04-30T22:00:07+00:00,0.845,clob_prices_history
50595160371163450458627399623056255966450921465584127304844415317723643207509,0xc7781eb0e4ab55dcecb64bba3cdb58a03d1275cfdc87ff4bbc4c20005b283681,1777587316,2026-04-30T22:15:16+00:00,0.845,clob_prices_history
50595160371163450458627399623056255966450921465584127304844415317723643207509,0xc7781eb0e4ab55dcecb64bba3cdb58a03d1275cfdc87ff4bbc4c20005b283681,1777588207,2026-04-30T22:30:07+00:00,0.845,clob_prices_history
50595160371163450458627399623056255966450921465584127304844415317723643207509,0xc7781eb0e4ab55dcecb64bba3cdb58a03d1275cfdc87ff4bbc4c20005b283681,1777589105,2026-04-30T22:45:05+00:00,0.845,clob_prices_history
50595160371163450458627399623056255966450921465584127304844415317723643207509,0xc7781eb0e4ab55dcecb64bba3cdb58a03d1275cfdc87ff4bbc4c20005b283681,1777590006,2026-04-30T23:00:06+00:00,0.845,clob_prices_history
50595160371163450458627399623056255966450921465584127304844415317723643207509,0xc7781eb0e4ab55dcecb64bba3cdb58a03d1275cfdc87ff4bbc4c20005b283681,1777590906,2026-04-30T23:15:06+00:00,0.845,clob_prices_history
50595160371163450458627399623056255966450921465584127304844415317723643207509,0xc7781eb0e4ab55dcecb64bba3cdb58a03d1275cfdc87ff4bbc4c20005b283681,1777591805,2026-04-30T23:30:05+00:00,0.845,clob_prices_history
50595160371163450458627399623056255966450921465584127304844415317723643207509,0xc7781eb0e4ab55dcecb64bba3cdb58a03d1275cfdc87ff4bbc4c20005b283681,1777592705,2026-04-30T23:45:05+00:00,0.845,clob_prices_history
